# triangular interface mesh from mccrory_2012_cascadia_interface.geojson
# source: McCrory et al. (2012, JGR 117, B09306) via CRESCENT CFM
# spacing 0.25 deg, depth band (10, 60) km
# FALLBACK GEOMETRY: does not reproduce Gualandi's inversion
# columns: lon1 lat1 h1 lon2 lat2 h2 lon3 lat3 h3 (deg, deg, km, h neg below sl)
-123.445720 39.815020 -34.757494 -123.445720 40.065020 -31.785849 -123.195720 40.065020 -34.394281
-123.445720 39.815020 -34.757494 -123.195720 40.065020 -34.394281 -123.195720 39.815020 -39.592484
-123.195720 39.815020 -39.592484 -123.195720 40.065020 -34.394281 -122.945720 40.065020 -40.504697
-123.195720 39.815020 -39.592484 -122.945720 40.065020 -40.504697 -122.945720 39.815020 -46.540562
-122.945720 39.815020 -46.540562 -122.945720 40.065020 -40.504697 -122.695720 40.065020 -49.808540
-122.945720 39.815020 -46.540562 -122.695720 40.065020 -49.808540 -122.695720 39.815020 -54.458470
-123.945720 40.065020 -29.566100 -123.945720 40.315020 -23.844868 -123.695720 40.315020 -24.756194
-123.945720 40.065020 -29.566100 -123.695720 40.315020 -24.756194 -123.695720 40.065020 -29.949247
-123.695720 40.065020 -29.949247 -123.695720 40.315020 -24.756194 -123.445720 40.315020 -26.134529
-123.695720 40.065020 -29.949247 -123.445720 40.315020 -26.134529 -123.445720 40.065020 -31.785849
-123.445720 40.065020 -31.785849 -123.445720 40.315020 -26.134529 -123.195720 40.315020 -29.817238
-123.445720 40.065020 -31.785849 -123.195720 40.315020 -29.817238 -123.195720 40.065020 -34.394281
-123.195720 40.065020 -34.394281 -123.195720 40.315020 -29.817238 -122.945720 40.315020 -37.318891
-123.195720 40.065020 -34.394281 -122.945720 40.315020 -37.318891 -122.945720 40.065020 -40.504697
-122.945720 40.065020 -40.504697 -122.945720 40.315020 -37.318891 -122.695720 40.315020 -47.435011
-122.945720 40.065020 -40.504697 -122.695720 40.315020 -47.435011 -122.695720 40.065020 -49.808540
-122.695720 40.065020 -49.808540 -122.695720 40.315020 -47.435011 -122.445720 40.315020 -58.599999
-122.695720 40.065020 -49.808540 -122.445720 40.315020 -58.599999 -122.445720 40.065020 -59.321682
-124.445720 40.315020 -18.247064 -124.445720 40.565020 -15.519166 -124.195720 40.565020 -18.131494
-124.445720 40.315020 -18.247064 -124.195720 40.565020 -18.131494 -124.195720 40.315020 -21.750052
-124.195720 40.315020 -21.750052 -124.195720 40.565020 -18.131494 -123.945720 40.565020 -19.918103
-124.195720 40.315020 -21.750052 -123.945720 40.565020 -19.918103 -123.945720 40.315020 -23.844868
-123.945720 40.315020 -23.844868 -123.945720 40.565020 -19.918103 -123.695720 40.565020 -21.401745
-123.945720 40.315020 -23.844868 -123.695720 40.565020 -21.401745 -123.695720 40.315020 -24.756194
-123.695720 40.315020 -24.756194 -123.695720 40.565020 -21.401745 -123.445720 40.565020 -23.467430
-123.695720 40.315020 -24.756194 -123.445720 40.565020 -23.467430 -123.445720 40.315020 -26.134529
-123.445720 40.315020 -26.134529 -123.445720 40.565020 -23.467430 -123.195720 40.565020 -28.105833
-123.445720 40.315020 -26.134529 -123.195720 40.565020 -28.105833 -123.195720 40.315020 -29.817238
-123.195720 40.315020 -29.817238 -123.195720 40.565020 -28.105833 -122.945720 40.565020 -37.525089
-123.195720 40.315020 -29.817238 -122.945720 40.565020 -37.525089 -122.945720 40.315020 -37.318891
-122.945720 40.315020 -37.318891 -122.945720 40.565020 -37.525089 -122.695720 40.565020 -49.656930
-122.945720 40.315020 -37.318891 -122.695720 40.565020 -49.656930 -122.695720 40.315020 -47.435011
-124.445720 40.565020 -15.519166 -124.445720 40.815020 -14.096121 -124.195720 40.815020 -16.526067
-124.445720 40.565020 -15.519166 -124.195720 40.815020 -16.526067 -124.195720 40.565020 -18.131494
-124.195720 40.565020 -18.131494 -124.195720 40.815020 -16.526067 -123.945720 40.815020 -18.078226
-124.195720 40.565020 -18.131494 -123.945720 40.815020 -18.078226 -123.945720 40.565020 -19.918103
-123.945720 40.565020 -19.918103 -123.945720 40.815020 -18.078226 -123.695720 40.815020 -19.587152
-123.945720 40.565020 -19.918103 -123.695720 40.815020 -19.587152 -123.695720 40.565020 -21.401745
-123.695720 40.565020 -21.401745 -123.695720 40.815020 -19.587152 -123.445720 40.815020 -22.823883
-123.695720 40.565020 -21.401745 -123.445720 40.815020 -22.823883 -123.445720 40.565020 -23.467430
-123.445720 40.565020 -23.467430 -123.445720 40.815020 -22.823883 -123.195720 40.815020 -28.881544
-123.445720 40.565020 -23.467430 -123.195720 40.815020 -28.881544 -123.195720 40.565020 -28.105833
-123.195720 40.565020 -28.105833 -123.195720 40.815020 -28.881544 -122.945720 40.815020 -39.622527
-123.195720 40.565020 -28.105833 -122.945720 40.815020 -39.622527 -122.945720 40.565020 -37.525089
-122.945720 40.565020 -37.525089 -122.945720 40.815020 -39.622527 -122.695720 40.815020 -52.348267
-122.945720 40.565020 -37.525089 -122.695720 40.815020 -52.348267 -122.695720 40.565020 -49.656930
-124.445720 40.815020 -14.096121 -124.445720 41.065020 -12.451436 -124.195720 41.065020 -15.409064
-124.445720 40.815020 -14.096121 -124.195720 41.065020 -15.409064 -124.195720 40.815020 -16.526067
-124.195720 40.815020 -16.526067 -124.195720 41.065020 -15.409064 -123.945720 41.065020 -17.086215
-124.195720 40.815020 -16.526067 -123.945720 41.065020 -17.086215 -123.945720 40.815020 -18.078226
-123.945720 40.815020 -18.078226 -123.945720 41.065020 -17.086215 -123.695720 41.065020 -19.430697
-123.945720 40.815020 -18.078226 -123.695720 41.065020 -19.430697 -123.695720 40.815020 -19.587152
-123.695720 40.815020 -19.587152 -123.695720 41.065020 -19.430697 -123.445720 41.065020 -23.903106
-123.695720 40.815020 -19.587152 -123.445720 41.065020 -23.903106 -123.445720 40.815020 -22.823883
-123.445720 40.815020 -22.823883 -123.445720 41.065020 -23.903106 -123.195720 41.065020 -31.445809
-123.445720 40.815020 -22.823883 -123.195720 41.065020 -31.445809 -123.195720 40.815020 -28.881544
-123.195720 40.815020 -28.881544 -123.195720 41.065020 -31.445809 -122.945720 41.065020 -43.411182
-123.195720 40.815020 -28.881544 -122.945720 41.065020 -43.411182 -122.945720 40.815020 -39.622527
-122.945720 40.815020 -39.622527 -122.945720 41.065020 -43.411182 -122.695720 41.065020 -54.433902
-122.945720 40.815020 -39.622527 -122.695720 41.065020 -54.433902 -122.695720 40.815020 -52.348267
-124.445720 41.065020 -12.451436 -124.445720 41.315020 -10.522412 -124.195720 41.315020 -13.999513
-124.445720 41.065020 -12.451436 -124.195720 41.315020 -13.999513 -124.195720 41.065020 -15.409064
-124.195720 41.065020 -15.409064 -124.195720 41.315020 -13.999513 -123.945720 41.315020 -16.980737
-124.195720 41.065020 -15.409064 -123.945720 41.315020 -16.980737 -123.945720 41.065020 -17.086215
-123.945720 41.065020 -17.086215 -123.945720 41.315020 -16.980737 -123.695720 41.315020 -21.379604
-123.945720 41.065020 -17.086215 -123.695720 41.315020 -21.379604 -123.695720 41.065020 -19.430697
-123.695720 41.065020 -19.430697 -123.695720 41.315020 -21.379604 -123.445720 41.315020 -27.414810
-123.695720 41.065020 -19.430697 -123.445720 41.315020 -27.414810 -123.445720 41.065020 -23.903106
-123.445720 41.065020 -23.903106 -123.445720 41.315020 -27.414810 -123.195720 41.315020 -36.119113
-123.445720 41.065020 -23.903106 -123.195720 41.315020 -36.119113 -123.195720 41.065020 -31.445809
-123.195720 41.065020 -31.445809 -123.195720 41.315020 -36.119113 -122.945720 41.315020 -46.502166
-123.195720 41.065020 -31.445809 -122.945720 41.315020 -46.502166 -122.945720 41.065020 -43.411182
-122.945720 41.065020 -43.411182 -122.945720 41.315020 -46.502166 -122.695720 41.315020 -55.593848
-122.945720 41.065020 -43.411182 -122.695720 41.315020 -55.593848 -122.695720 41.065020 -54.433902
-124.195720 41.315020 -13.999513 -124.195720 41.565020 -13.726514 -123.945720 41.565020 -18.398729
-124.195720 41.315020 -13.999513 -123.945720 41.565020 -18.398729 -123.945720 41.315020 -16.980737
-123.945720 41.315020 -16.980737 -123.945720 41.565020 -18.398729 -123.695720 41.565020 -24.154430
-123.945720 41.315020 -16.980737 -123.695720 41.565020 -24.154430 -123.695720 41.315020 -21.379604
-123.695720 41.315020 -21.379604 -123.695720 41.565020 -24.154430 -123.445720 41.565020 -30.635832
-123.695720 41.315020 -21.379604 -123.445720 41.565020 -30.635832 -123.445720 41.315020 -27.414810
-123.445720 41.315020 -27.414810 -123.445720 41.565020 -30.635832 -123.195720 41.565020 -39.585022
-123.445720 41.315020 -27.414810 -123.195720 41.565020 -39.585022 -123.195720 41.315020 -36.119113
-123.195720 41.315020 -36.119113 -123.195720 41.565020 -39.585022 -122.945720 41.565020 -48.265726
-123.195720 41.315020 -36.119113 -122.945720 41.565020 -48.265726 -122.945720 41.315020 -46.502166
-122.945720 41.315020 -46.502166 -122.945720 41.565020 -48.265726 -122.695720 41.565020 -56.024452
-122.945720 41.315020 -46.502166 -122.695720 41.565020 -56.024452 -122.695720 41.315020 -55.593848
-124.195720 41.565020 -13.726514 -124.195720 41.815020 -14.547079 -123.945720 41.815020 -19.826035
-124.195720 41.565020 -13.726514 -123.945720 41.815020 -19.826035 -123.945720 41.565020 -18.398729
-123.945720 41.565020 -18.398729 -123.945720 41.815020 -19.826035 -123.695720 41.815020 -26.050793
-123.945720 41.565020 -18.398729 -123.695720 41.815020 -26.050793 -123.695720 41.565020 -24.154430
-123.695720 41.565020 -24.154430 -123.695720 41.815020 -26.050793 -123.445720 41.815020 -32.699757
-123.695720 41.565020 -24.154430 -123.445720 41.815020 -32.699757 -123.445720 41.565020 -30.635832
-123.445720 41.565020 -30.635832 -123.445720 41.815020 -32.699757 -123.195720 41.815020 -40.870677
-123.445720 41.565020 -30.635832 -123.195720 41.815020 -40.870677 -123.195720 41.565020 -39.585022
-123.195720 41.565020 -39.585022 -123.195720 41.815020 -40.870677 -122.945720 41.815020 -48.594929
-123.195720 41.565020 -39.585022 -122.945720 41.815020 -48.594929 -122.945720 41.565020 -48.265726
-122.945720 41.565020 -48.265726 -122.945720 41.815020 -48.594929 -122.695720 41.815020 -55.938526
-122.945720 41.565020 -48.265726 -122.695720 41.815020 -55.938526 -122.695720 41.565020 -56.024452
-124.445720 41.815020 -10.228024 -124.445720 42.065020 -11.295441 -124.195720 42.065020 -15.656980
-124.445720 41.815020 -10.228024 -124.195720 42.065020 -15.656980 -124.195720 41.815020 -14.547079
-124.195720 41.815020 -14.547079 -124.195720 42.065020 -15.656980 -123.945720 42.065020 -20.971583
-124.195720 41.815020 -14.547079 -123.945720 42.065020 -20.971583 -123.945720 41.815020 -19.826035
-123.945720 41.815020 -19.826035 -123.945720 42.065020 -20.971583 -123.695720 42.065020 -27.001730
-123.945720 41.815020 -19.826035 -123.695720 42.065020 -27.001730 -123.695720 41.815020 -26.050793
-123.695720 41.815020 -26.050793 -123.695720 42.065020 -27.001730 -123.445720 42.065020 -33.374796
-123.695720 41.815020 -26.050793 -123.445720 42.065020 -33.374796 -123.445720 41.815020 -32.699757
-123.445720 41.815020 -32.699757 -123.445720 42.065020 -33.374796 -123.195720 42.065020 -40.758995
-123.445720 41.815020 -32.699757 -123.195720 42.065020 -40.758995 -123.195720 41.815020 -40.870677
-123.195720 41.815020 -40.870677 -123.195720 42.065020 -40.758995 -122.945720 42.065020 -48.189536
-123.195720 41.815020 -40.870677 -122.945720 42.065020 -48.189536 -122.945720 41.815020 -48.594929
-122.945720 41.815020 -48.594929 -122.945720 42.065020 -48.189536 -122.695720 42.065020 -55.258304
-122.945720 41.815020 -48.594929 -122.695720 42.065020 -55.258304 -122.695720 41.815020 -55.938526
-124.445720 42.065020 -11.295441 -124.445720 42.315020 -12.390212 -124.195720 42.315020 -16.751876
-124.445720 42.065020 -11.295441 -124.195720 42.315020 -16.751876 -124.195720 42.065020 -15.656980
-124.195720 42.065020 -15.656980 -124.195720 42.315020 -16.751876 -123.945720 42.315020 -21.918110
-124.195720 42.065020 -15.656980 -123.945720 42.315020 -21.918110 -123.945720 42.065020 -20.971583
-123.945720 42.065020 -20.971583 -123.945720 42.315020 -21.918110 -123.695720 42.315020 -27.628102
-123.945720 42.065020 -20.971583 -123.695720 42.315020 -27.628102 -123.695720 42.065020 -27.001730
-123.695720 42.065020 -27.001730 -123.695720 42.315020 -27.628102 -123.445720 42.315020 -33.521207
-123.695720 42.065020 -27.001730 -123.445720 42.315020 -33.521207 -123.445720 42.065020 -33.374796
-123.445720 42.065020 -33.374796 -123.445720 42.315020 -33.521207 -123.195720 42.315020 -40.689385
-123.445720 42.065020 -33.374796 -123.195720 42.315020 -40.689385 -123.195720 42.065020 -40.758995
-123.195720 42.065020 -40.758995 -123.195720 42.315020 -40.689385 -122.945720 42.315020 -47.460901
-123.195720 42.065020 -40.758995 -122.945720 42.315020 -47.460901 -122.945720 42.065020 -48.189536
-122.945720 42.065020 -48.189536 -122.945720 42.315020 -47.460901 -122.695720 42.315020 -54.453872
-122.945720 42.065020 -48.189536 -122.695720 42.315020 -54.453872 -122.695720 42.065020 -55.258304
-124.445720 42.315020 -12.390212 -124.445720 42.565020 -13.400258 -124.195720 42.565020 -17.687460
-124.445720 42.315020 -12.390212 -124.195720 42.565020 -17.687460 -124.195720 42.315020 -16.751876
-124.195720 42.315020 -16.751876 -124.195720 42.565020 -17.687460 -123.945720 42.565020 -22.741152
-124.195720 42.315020 -16.751876 -123.945720 42.565020 -22.741152 -123.945720 42.315020 -21.918110
-123.945720 42.315020 -21.918110 -123.945720 42.565020 -22.741152 -123.695720 42.565020 -28.067145
-123.945720 42.315020 -21.918110 -123.695720 42.565020 -28.067145 -123.695720 42.315020 -27.628102
-123.695720 42.315020 -27.628102 -123.695720 42.565020 -28.067145 -123.445720 42.565020 -33.698588
-123.695720 42.315020 -27.628102 -123.445720 42.565020 -33.698588 -123.445720 42.315020 -33.521207
-123.445720 42.315020 -33.521207 -123.445720 42.565020 -33.698588 -123.195720 42.565020 -40.674937
-123.445720 42.315020 -33.521207 -123.195720 42.565020 -40.674937 -123.195720 42.315020 -40.689385
-123.195720 42.315020 -40.689385 -123.195720 42.565020 -40.674937 -122.945720 42.565020 -47.042405
-123.195720 42.315020 -40.689385 -122.945720 42.565020 -47.042405 -122.945720 42.315020 -47.460901
-122.945720 42.315020 -47.460901 -122.945720 42.565020 -47.042405 -122.695720 42.565020 -53.980319
-122.945720 42.315020 -47.460901 -122.695720 42.565020 -53.980319 -122.695720 42.315020 -54.453872
-124.445720 42.565020 -13.400258 -124.445720 42.815020 -14.258364 -124.195720 42.815020 -18.461094
-124.445720 42.565020 -13.400258 -124.195720 42.815020 -18.461094 -124.195720 42.565020 -17.687460
-124.195720 42.565020 -17.687460 -124.195720 42.815020 -18.461094 -123.945720 42.815020 -23.443297
-124.195720 42.565020 -17.687460 -123.945720 42.815020 -23.443297 -123.945720 42.565020 -22.741152
-123.945720 42.565020 -22.741152 -123.945720 42.815020 -23.443297 -123.695720 42.815020 -28.473739
-123.945720 42.565020 -22.741152 -123.695720 42.815020 -28.473739 -123.695720 42.565020 -28.067145
-123.695720 42.565020 -28.067145 -123.695720 42.815020 -28.473739 -123.445720 42.815020 -34.032861
-123.695720 42.565020 -28.067145 -123.445720 42.815020 -34.032861 -123.445720 42.565020 -33.698588
-123.445720 42.565020 -33.698588 -123.445720 42.815020 -34.032861 -123.195720 42.815020 -40.759464
-123.445720 42.565020 -33.698588 -123.195720 42.815020 -40.759464 -123.195720 42.565020 -40.674937
-123.195720 42.565020 -40.674937 -123.195720 42.815020 -40.759464 -122.945720 42.815020 -46.846460
-123.195720 42.565020 -40.674937 -122.945720 42.815020 -46.846460 -122.945720 42.565020 -47.042405
-122.945720 42.565020 -47.042405 -122.945720 42.815020 -46.846460 -122.695720 42.815020 -53.566829
-122.945720 42.565020 -47.042405 -122.695720 42.815020 -53.566829 -122.695720 42.565020 -53.980319
-124.695720 42.815020 -10.660700 -124.695720 43.065020 -11.568030 -124.445720 43.065020 -14.994673
-124.695720 42.815020 -10.660700 -124.445720 43.065020 -14.994673 -124.445720 42.815020 -14.258364
-124.445720 42.815020 -14.258364 -124.445720 43.065020 -14.994673 -124.195720 43.065020 -19.155491
-124.445720 42.815020 -14.258364 -124.195720 43.065020 -19.155491 -124.195720 42.815020 -18.461094
-124.195720 42.815020 -18.461094 -124.195720 43.065020 -19.155491 -123.945720 43.065020 -24.033839
-124.195720 42.815020 -18.461094 -123.945720 43.065020 -24.033839 -123.945720 42.815020 -23.443297
-123.945720 42.815020 -23.443297 -123.945720 43.065020 -24.033839 -123.695720 43.065020 -28.972453
-123.945720 42.815020 -23.443297 -123.695720 43.065020 -28.972453 -123.695720 42.815020 -28.473739
-123.695720 42.815020 -28.473739 -123.695720 43.065020 -28.972453 -123.445720 43.065020 -34.616277
-123.695720 42.815020 -28.473739 -123.445720 43.065020 -34.616277 -123.445720 42.815020 -34.032861
-123.445720 42.815020 -34.032861 -123.445720 43.065020 -34.616277 -123.195720 43.065020 -41.119432
-123.445720 42.815020 -34.032861 -123.195720 43.065020 -41.119432 -123.195720 42.815020 -40.759464
-123.195720 42.815020 -40.759464 -123.195720 43.065020 -41.119432 -122.945720 43.065020 -47.038846
-123.195720 42.815020 -40.759464 -122.945720 43.065020 -47.038846 -122.945720 42.815020 -46.846460
-122.945720 42.815020 -46.846460 -122.945720 43.065020 -47.038846 -122.695720 43.065020 -53.663566
-122.945720 42.815020 -46.846460 -122.695720 43.065020 -53.663566 -122.695720 42.815020 -53.566829
-124.695720 43.065020 -11.568030 -124.695720 43.315020 -12.286452 -124.445720 43.315020 -15.695209
-124.695720 43.065020 -11.568030 -124.445720 43.315020 -15.695209 -124.445720 43.065020 -14.994673
-124.445720 43.065020 -14.994673 -124.445720 43.315020 -15.695209 -124.195720 43.315020 -19.679687
-124.445720 43.065020 -14.994673 -124.195720 43.315020 -19.679687 -124.195720 43.065020 -19.155491
-124.195720 43.065020 -19.155491 -124.195720 43.315020 -19.679687 -123.945720 43.315020 -24.544494
-124.195720 43.065020 -19.155491 -123.945720 43.315020 -24.544494 -123.945720 43.065020 -24.033839
-123.945720 43.065020 -24.033839 -123.945720 43.315020 -24.544494 -123.695720 43.315020 -29.481676
-123.945720 43.065020 -24.033839 -123.695720 43.315020 -29.481676 -123.695720 43.065020 -28.972453
-123.695720 43.065020 -28.972453 -123.695720 43.315020 -29.481676 -123.445720 43.315020 -35.289413
-123.695720 43.065020 -28.972453 -123.445720 43.315020 -35.289413 -123.445720 43.065020 -34.616277
-123.445720 43.065020 -34.616277 -123.445720 43.315020 -35.289413 -123.195720 43.315020 -41.600033
-123.445720 43.065020 -34.616277 -123.195720 43.315020 -41.600033 -123.195720 43.065020 -41.119432
-123.195720 43.065020 -41.119432 -123.195720 43.315020 -41.600033 -122.945720 43.315020 -47.555567
-123.195720 43.065020 -41.119432 -122.945720 43.315020 -47.555567 -122.945720 43.065020 -47.038846
-122.945720 43.065020 -47.038846 -122.945720 43.315020 -47.555567 -122.695720 43.315020 -54.036286
-122.945720 43.065020 -47.038846 -122.695720 43.315020 -54.036286 -122.695720 43.065020 -53.663566
-124.695720 43.315020 -12.286452 -124.695720 43.565020 -12.764140 -124.445720 43.565020 -16.215583
-124.695720 43.315020 -12.286452 -124.445720 43.565020 -16.215583 -124.445720 43.315020 -15.695209
-124.445720 43.315020 -15.695209 -124.445720 43.565020 -16.215583 -124.195720 43.565020 -20.162107
-124.445720 43.315020 -15.695209 -124.195720 43.565020 -20.162107 -124.195720 43.315020 -19.679687
-124.195720 43.315020 -19.679687 -124.195720 43.565020 -20.162107 -123.945720 43.565020 -25.033466
-124.195720 43.315020 -19.679687 -123.945720 43.565020 -25.033466 -123.945720 43.315020 -24.544494
-123.945720 43.315020 -24.544494 -123.945720 43.565020 -25.033466 -123.695720 43.565020 -30.048542
-123.945720 43.315020 -24.544494 -123.695720 43.565020 -30.048542 -123.695720 43.315020 -29.481676
-123.695720 43.315020 -29.481676 -123.695720 43.565020 -30.048542 -123.445720 43.565020 -36.059373
-123.695720 43.315020 -29.481676 -123.445720 43.565020 -36.059373 -123.445720 43.315020 -35.289413
-123.445720 43.315020 -35.289413 -123.445720 43.565020 -36.059373 -123.195720 43.565020 -42.157493
-123.445720 43.315020 -35.289413 -123.195720 43.565020 -42.157493 -123.195720 43.315020 -41.600033
-123.195720 43.315020 -41.600033 -123.195720 43.565020 -42.157493 -122.945720 43.565020 -48.167381
-123.195720 43.315020 -41.600033 -122.945720 43.565020 -48.167381 -122.945720 43.315020 -47.555567
-122.945720 43.315020 -47.555567 -122.945720 43.565020 -48.167381 -122.695720 43.565020 -54.415716
-122.945720 43.315020 -47.555567 -122.695720 43.565020 -54.415716 -122.695720 43.315020 -54.036286
-124.695720 43.565020 -12.764140 -124.695720 43.815020 -13.068979 -124.445720 43.815020 -16.579480
-124.695720 43.565020 -12.764140 -124.445720 43.815020 -16.579480 -124.445720 43.565020 -16.215583
-124.445720 43.565020 -16.215583 -124.445720 43.815020 -16.579480 -124.195720 43.815020 -20.629782
-124.445720 43.565020 -16.215583 -124.195720 43.815020 -20.629782 -124.195720 43.565020 -20.162107
-124.195720 43.565020 -20.162107 -124.195720 43.815020 -20.629782 -123.945720 43.815020 -25.513655
-124.195720 43.565020 -20.162107 -123.945720 43.815020 -25.513655 -123.945720 43.565020 -25.033466
-123.945720 43.565020 -25.033466 -123.945720 43.815020 -25.513655 -123.695720 43.815020 -30.712912
-123.945720 43.565020 -25.033466 -123.695720 43.815020 -30.712912 -123.695720 43.565020 -30.048542
-123.695720 43.565020 -30.048542 -123.695720 43.815020 -30.712912 -123.445720 43.815020 -36.694242
-123.695720 43.565020 -30.048542 -123.445720 43.815020 -36.694242 -123.445720 43.565020 -36.059373
-123.445720 43.565020 -36.059373 -123.445720 43.815020 -36.694242 -123.195720 43.815020 -42.719967
-123.445720 43.565020 -36.059373 -123.195720 43.815020 -42.719967 -123.195720 43.565020 -42.157493
-123.195720 43.565020 -42.157493 -123.195720 43.815020 -42.719967 -122.945720 43.815020 -48.752679
-123.195720 43.565020 -42.157493 -122.945720 43.815020 -48.752679 -122.945720 43.565020 -48.167381
-122.945720 43.565020 -48.167381 -122.945720 43.815020 -48.752679 -122.695720 43.815020 -54.829038
-122.945720 43.565020 -48.167381 -122.695720 43.815020 -54.829038 -122.695720 43.565020 -54.415716
-124.695720 43.815020 -13.068979 -124.695720 44.065020 -13.337517 -124.445720 44.065020 -16.920734
-124.695720 43.815020 -13.068979 -124.445720 44.065020 -16.920734 -124.445720 43.815020 -16.579480
-124.445720 43.815020 -16.579480 -124.445720 44.065020 -16.920734 -124.195720 44.065020 -21.092386
-124.445720 43.815020 -16.579480 -124.195720 44.065020 -21.092386 -124.195720 43.815020 -20.629782
-124.195720 43.815020 -20.629782 -124.195720 44.065020 -21.092386 -123.945720 44.065020 -25.990364
-124.195720 43.815020 -20.629782 -123.945720 44.065020 -25.990364 -123.945720 43.815020 -25.513655
-123.945720 43.815020 -25.513655 -123.945720 44.065020 -25.990364 -123.695720 44.065020 -31.296504
-123.945720 43.815020 -25.513655 -123.695720 44.065020 -31.296504 -123.695720 43.815020 -30.712912
-123.695720 43.815020 -30.712912 -123.695720 44.065020 -31.296504 -123.445720 44.065020 -37.130717
-123.695720 43.815020 -30.712912 -123.445720 44.065020 -37.130717 -123.445720 43.815020 -36.694242
-123.445720 43.815020 -36.694242 -123.445720 44.065020 -37.130717 -123.195720 44.065020 -43.110842
-123.445720 43.815020 -36.694242 -123.195720 44.065020 -43.110842 -123.195720 43.815020 -42.719967
-123.195720 43.815020 -42.719967 -123.195720 44.065020 -43.110842 -122.945720 44.065020 -49.106426
-123.195720 43.815020 -42.719967 -122.945720 44.065020 -49.106426 -122.945720 43.815020 -48.752679
-122.945720 43.815020 -48.752679 -122.945720 44.065020 -49.106426 -122.695720 44.065020 -54.968024
-122.945720 43.815020 -48.752679 -122.695720 44.065020 -54.968024 -122.695720 43.815020 -54.829038
-124.945720 44.065020 -10.103561 -124.945720 44.315020 -10.380134 -124.695720 44.315020 -13.601325
-124.945720 44.065020 -10.103561 -124.695720 44.315020 -13.601325 -124.695720 44.065020 -13.337517
-124.695720 44.065020 -13.337517 -124.695720 44.315020 -13.601325 -124.445720 44.315020 -17.263404
-124.695720 44.065020 -13.337517 -124.445720 44.315020 -17.263404 -124.445720 44.065020 -16.920734
-124.445720 44.065020 -16.920734 -124.445720 44.315020 -17.263404 -124.195720 44.315020 -21.530552
-124.445720 44.065020 -16.920734 -124.195720 44.315020 -21.530552 -124.195720 44.065020 -21.092386
-124.195720 44.065020 -21.092386 -124.195720 44.315020 -21.530552 -123.945720 44.315020 -26.432815
-124.195720 44.065020 -21.092386 -123.945720 44.315020 -26.432815 -123.945720 44.065020 -25.990364
-123.945720 44.065020 -25.990364 -123.945720 44.315020 -26.432815 -123.695720 44.315020 -31.568959
-123.945720 44.065020 -25.990364 -123.695720 44.315020 -31.568959 -123.695720 44.065020 -31.296504
-123.695720 44.065020 -31.296504 -123.695720 44.315020 -31.568959 -123.445720 44.315020 -37.276108
-123.695720 44.065020 -31.296504 -123.445720 44.315020 -37.276108 -123.445720 44.065020 -37.130717
-123.445720 44.065020 -37.130717 -123.445720 44.315020 -37.276108 -123.195720 44.315020 -42.977995
-123.445720 44.065020 -37.130717 -123.195720 44.315020 -42.977995 -123.195720 44.065020 -43.110842
-123.195720 44.065020 -43.110842 -123.195720 44.315020 -42.977995 -122.945720 44.315020 -48.771224
-123.195720 44.065020 -43.110842 -122.945720 44.315020 -48.771224 -122.945720 44.065020 -49.106426
-122.945720 44.065020 -49.106426 -122.945720 44.315020 -48.771224 -122.695720 44.315020 -54.621626
-122.945720 44.065020 -49.106426 -122.695720 44.315020 -54.621626 -122.695720 44.065020 -54.968024
-124.945720 44.315020 -10.380134 -124.945720 44.565020 -10.634022 -124.695720 44.565020 -13.857918
-124.945720 44.315020 -10.380134 -124.695720 44.565020 -13.857918 -124.695720 44.315020 -13.601325
-124.695720 44.315020 -13.601325 -124.695720 44.565020 -13.857918 -124.445720 44.565020 -17.582329
-124.695720 44.315020 -13.601325 -124.445720 44.565020 -17.582329 -124.445720 44.315020 -17.263404
-124.445720 44.315020 -17.263404 -124.445720 44.565020 -17.582329 -124.195720 44.565020 -21.874344
-124.445720 44.315020 -17.263404 -124.195720 44.565020 -21.874344 -124.195720 44.315020 -21.530552
-124.195720 44.315020 -21.530552 -124.195720 44.565020 -21.874344 -123.945720 44.565020 -26.699734
-124.195720 44.315020 -21.530552 -123.945720 44.565020 -26.699734 -123.945720 44.315020 -26.432815
-123.945720 44.315020 -26.432815 -123.945720 44.565020 -26.699734 -123.695720 44.565020 -31.743662
-123.945720 44.315020 -26.432815 -123.695720 44.565020 -31.743662 -123.695720 44.315020 -31.568959
-123.695720 44.315020 -31.568959 -123.695720 44.565020 -31.743662 -123.445720 44.565020 -37.030745
-123.695720 44.315020 -31.568959 -123.445720 44.565020 -37.030745 -123.445720 44.315020 -37.276108
-123.445720 44.315020 -37.276108 -123.445720 44.565020 -37.030745 -123.195720 44.565020 -42.467456
-123.445720 44.315020 -37.276108 -123.195720 44.565020 -42.467456 -123.195720 44.315020 -42.977995
-123.195720 44.315020 -42.977995 -123.195720 44.565020 -42.467456 -122.945720 44.565020 -47.943105
-123.195720 44.315020 -42.977995 -122.945720 44.565020 -47.943105 -122.945720 44.315020 -48.771224
-122.945720 44.315020 -48.771224 -122.945720 44.565020 -47.943105 -122.695720 44.565020 -53.621500
-122.945720 44.315020 -48.771224 -122.695720 44.565020 -53.621500 -122.695720 44.315020 -54.621626
-122.695720 44.315020 -54.621626 -122.695720 44.565020 -53.621500 -122.445720 44.565020 -58.818964
-122.695720 44.315020 -54.621626 -122.445720 44.565020 -58.818964 -122.445720 44.315020 -59.638748
-124.945720 44.565020 -10.634022 -124.945720 44.815020 -10.869262 -124.695720 44.815020 -14.093720
-124.945720 44.565020 -10.634022 -124.695720 44.815020 -14.093720 -124.695720 44.565020 -13.857918
-124.695720 44.565020 -13.857918 -124.695720 44.815020 -14.093720 -124.445720 44.815020 -17.884414
-124.695720 44.565020 -13.857918 -124.445720 44.815020 -17.884414 -124.445720 44.565020 -17.582329
-124.445720 44.565020 -17.582329 -124.445720 44.815020 -17.884414 -124.195720 44.815020 -22.175508
-124.445720 44.565020 -17.582329 -124.195720 44.815020 -22.175508 -124.195720 44.565020 -21.874344
-124.195720 44.565020 -21.874344 -124.195720 44.815020 -22.175508 -123.945720 44.815020 -26.898985
-124.195720 44.565020 -21.874344 -123.945720 44.815020 -26.898985 -123.945720 44.565020 -26.699734
-123.945720 44.565020 -26.699734 -123.945720 44.815020 -26.898985 -123.695720 44.815020 -31.833047
-123.945720 44.565020 -26.699734 -123.695720 44.815020 -31.833047 -123.695720 44.565020 -31.743662
-123.695720 44.565020 -31.743662 -123.695720 44.815020 -31.833047 -123.445720 44.815020 -36.843116
-123.695720 44.565020 -31.743662 -123.445720 44.815020 -36.843116 -123.445720 44.565020 -37.030745
-123.445720 44.565020 -37.030745 -123.445720 44.815020 -36.843116 -123.195720 44.815020 -41.842206
-123.445720 44.565020 -37.030745 -123.195720 44.815020 -41.842206 -123.195720 44.565020 -42.467456
-123.195720 44.565020 -42.467456 -123.195720 44.815020 -41.842206 -122.945720 44.815020 -46.875793
-123.195720 44.565020 -42.467456 -122.945720 44.815020 -46.875793 -122.945720 44.565020 -47.943105
-122.945720 44.565020 -47.943105 -122.945720 44.815020 -46.875793 -122.695720 44.815020 -52.343516
-122.945720 44.565020 -47.943105 -122.695720 44.815020 -52.343516 -122.695720 44.565020 -53.621500
-122.695720 44.565020 -53.621500 -122.695720 44.815020 -52.343516 -122.445720 44.815020 -57.694563
-122.695720 44.565020 -53.621500 -122.445720 44.815020 -57.694563 -122.445720 44.565020 -58.818964
-124.945720 44.815020 -10.869262 -124.945720 45.065020 -11.096029 -124.695720 45.065020 -14.283472
-124.945720 44.815020 -10.869262 -124.695720 45.065020 -14.283472 -124.695720 44.815020 -14.093720
-124.695720 44.815020 -14.093720 -124.695720 45.065020 -14.283472 -124.445720 45.065020 -18.106151
-124.695720 44.815020 -14.093720 -124.445720 45.065020 -18.106151 -124.445720 44.815020 -17.884414
-124.445720 44.815020 -17.884414 -124.445720 45.065020 -18.106151 -124.195720 45.065020 -22.349022
-124.445720 44.815020 -17.884414 -124.195720 45.065020 -22.349022 -124.195720 44.815020 -22.175508
-124.195720 44.815020 -22.175508 -124.195720 45.065020 -22.349022 -123.945720 45.065020 -26.926851
-124.195720 44.815020 -22.175508 -123.945720 45.065020 -26.926851 -123.945720 44.815020 -26.898985
-123.945720 44.815020 -26.898985 -123.945720 45.065020 -26.926851 -123.695720 45.065020 -31.724702
-123.945720 44.815020 -26.898985 -123.695720 45.065020 -31.724702 -123.695720 44.815020 -31.833047
-123.695720 44.815020 -31.833047 -123.695720 45.065020 -31.724702 -123.445720 45.065020 -36.550608
-123.695720 44.815020 -31.833047 -123.445720 45.065020 -36.550608 -123.445720 44.815020 -36.843116
-123.445720 44.815020 -36.843116 -123.445720 45.065020 -36.550608 -123.195720 45.065020 -41.149244
-123.445720 44.815020 -36.843116 -123.195720 45.065020 -41.149244 -123.195720 44.815020 -41.842206
-123.195720 44.815020 -41.842206 -123.195720 45.065020 -41.149244 -122.945720 45.065020 -45.814339
-123.195720 44.815020 -41.842206 -122.945720 45.065020 -45.814339 -122.945720 44.815020 -46.875793
-122.945720 44.815020 -46.875793 -122.945720 45.065020 -45.814339 -122.695720 45.065020 -51.027326
-122.945720 44.815020 -46.875793 -122.695720 45.065020 -51.027326 -122.695720 44.815020 -52.343516
-122.695720 44.815020 -52.343516 -122.695720 45.065020 -51.027326 -122.445720 45.065020 -56.503409
-122.695720 44.815020 -52.343516 -122.445720 45.065020 -56.503409 -122.445720 44.815020 -57.694563
-124.945720 45.065020 -11.096029 -124.945720 45.315020 -11.325442 -124.695720 45.315020 -14.468190
-124.945720 45.065020 -11.096029 -124.695720 45.315020 -14.468190 -124.695720 45.065020 -14.283472
-124.695720 45.065020 -14.283472 -124.695720 45.315020 -14.468190 -124.445720 45.315020 -18.239592
-124.695720 45.065020 -14.283472 -124.445720 45.315020 -18.239592 -124.445720 45.065020 -18.106151
-124.445720 45.065020 -18.106151 -124.445720 45.315020 -18.239592 -124.195720 45.315020 -22.392523
-124.445720 45.065020 -18.106151 -124.195720 45.315020 -22.392523 -124.195720 45.065020 -22.349022
-124.195720 45.065020 -22.349022 -124.195720 45.315020 -22.392523 -123.945720 45.315020 -26.842715
-124.195720 45.065020 -22.349022 -123.945720 45.315020 -26.842715 -123.945720 45.065020 -26.926851
-123.945720 45.065020 -26.926851 -123.945720 45.315020 -26.842715 -123.695720 45.315020 -31.493068
-123.945720 45.065020 -26.926851 -123.695720 45.315020 -31.493068 -123.695720 45.065020 -31.724702
-123.695720 45.065020 -31.724702 -123.695720 45.315020 -31.493068 -123.445720 45.315020 -36.209762
-123.695720 45.065020 -31.724702 -123.445720 45.315020 -36.209762 -123.445720 45.065020 -36.550608
-123.445720 45.065020 -36.550608 -123.445720 45.315020 -36.209762 -123.195720 45.315020 -40.486384
-123.445720 45.065020 -36.550608 -123.195720 45.315020 -40.486384 -123.195720 45.065020 -41.149244
-123.195720 45.065020 -41.149244 -123.195720 45.315020 -40.486384 -122.945720 45.315020 -44.850932
-123.195720 45.065020 -41.149244 -122.945720 45.315020 -44.850932 -122.945720 45.065020 -45.814339
-122.945720 45.065020 -45.814339 -122.945720 45.315020 -44.850932 -122.695720 45.315020 -49.879518
-122.945720 45.065020 -45.814339 -122.695720 45.315020 -49.879518 -122.695720 45.065020 -51.027326
-122.695720 45.065020 -51.027326 -122.695720 45.315020 -49.879518 -122.445720 45.315020 -55.233348
-122.695720 45.065020 -51.027326 -122.445720 45.315020 -55.233348 -122.445720 45.065020 -56.503409
-124.945720 45.315020 -11.325442 -124.945720 45.565020 -11.541338 -124.695720 45.565020 -14.570149
-124.945720 45.315020 -11.325442 -124.695720 45.565020 -14.570149 -124.695720 45.315020 -14.468190
-124.695720 45.315020 -14.468190 -124.695720 45.565020 -14.570149 -124.445720 45.565020 -18.260520
-124.695720 45.315020 -14.468190 -124.445720 45.565020 -18.260520 -124.445720 45.315020 -18.239592
-124.445720 45.315020 -18.239592 -124.445720 45.565020 -18.260520 -124.195720 45.565020 -22.344736
-124.445720 45.315020 -18.239592 -124.195720 45.565020 -22.344736 -124.195720 45.315020 -22.392523
-124.195720 45.315020 -22.392523 -124.195720 45.565020 -22.344736 -123.945720 45.565020 -26.705405
-124.195720 45.315020 -22.392523 -123.945720 45.565020 -26.705405 -123.945720 45.315020 -26.842715
-123.945720 45.315020 -26.842715 -123.945720 45.565020 -26.705405 -123.695720 45.565020 -31.174773
-123.945720 45.315020 -26.842715 -123.695720 45.565020 -31.174773 -123.695720 45.315020 -31.493068
-123.695720 45.315020 -31.493068 -123.695720 45.565020 -31.174773 -123.445720 45.565020 -35.772596
-123.695720 45.315020 -31.493068 -123.445720 45.565020 -35.772596 -123.445720 45.315020 -36.209762
-123.445720 45.315020 -36.209762 -123.445720 45.565020 -35.772596 -123.195720 45.565020 -39.763815
-123.445720 45.315020 -36.209762 -123.195720 45.565020 -39.763815 -123.195720 45.315020 -40.486384
-123.195720 45.315020 -40.486384 -123.195720 45.565020 -39.763815 -122.945720 45.565020 -44.039192
-123.195720 45.315020 -40.486384 -122.945720 45.565020 -44.039192 -122.945720 45.315020 -44.850932
-122.945720 45.315020 -44.850932 -122.945720 45.565020 -44.039192 -122.695720 45.565020 -48.930072
-122.945720 45.315020 -44.850932 -122.695720 45.565020 -48.930072 -122.695720 45.315020 -49.879518
-122.695720 45.315020 -49.879518 -122.695720 45.565020 -48.930072 -122.445720 45.565020 -54.169834
-122.695720 45.315020 -49.879518 -122.445720 45.565020 -54.169834 -122.445720 45.315020 -55.233348
-124.945720 45.565020 -11.541338 -124.945720 45.815020 -11.744790 -124.695720 45.815020 -14.645612
-124.945720 45.565020 -11.541338 -124.695720 45.815020 -14.645612 -124.695720 45.565020 -14.570149
-124.695720 45.565020 -14.570149 -124.695720 45.815020 -14.645612 -124.445720 45.815020 -18.268206
-124.695720 45.565020 -14.570149 -124.445720 45.815020 -18.268206 -124.445720 45.565020 -18.260520
-124.445720 45.565020 -18.260520 -124.445720 45.815020 -18.268206 -124.195720 45.815020 -22.266821
-124.445720 45.565020 -18.260520 -124.195720 45.815020 -22.266821 -124.195720 45.565020 -22.344736
-124.195720 45.565020 -22.344736 -124.195720 45.815020 -22.266821 -123.945720 45.815020 -26.480036
-124.195720 45.565020 -22.344736 -123.945720 45.815020 -26.480036 -123.945720 45.565020 -26.705405
-123.945720 45.565020 -26.705405 -123.945720 45.815020 -26.480036 -123.695720 45.815020 -30.683162
-123.945720 45.565020 -26.705405 -123.695720 45.815020 -30.683162 -123.695720 45.565020 -31.174773
-123.695720 45.565020 -31.174773 -123.695720 45.815020 -30.683162 -123.445720 45.815020 -35.354157
-123.695720 45.565020 -31.174773 -123.445720 45.815020 -35.354157 -123.445720 45.565020 -35.772596
-123.445720 45.565020 -35.772596 -123.445720 45.815020 -35.354157 -123.195720 45.815020 -39.120124
-123.445720 45.565020 -35.772596 -123.195720 45.815020 -39.120124 -123.195720 45.565020 -39.763815
-123.195720 45.565020 -39.763815 -123.195720 45.815020 -39.120124 -122.945720 45.815020 -43.361175
-123.195720 45.565020 -39.763815 -122.945720 45.815020 -43.361175 -122.945720 45.565020 -44.039192
-122.945720 45.565020 -44.039192 -122.945720 45.815020 -43.361175 -122.695720 45.815020 -48.170578
-122.945720 45.565020 -44.039192 -122.695720 45.815020 -48.170578 -122.695720 45.565020 -48.930072
-122.695720 45.565020 -48.930072 -122.695720 45.815020 -48.170578 -122.445720 45.815020 -53.415009
-122.695720 45.565020 -48.930072 -122.445720 45.815020 -53.415009 -122.445720 45.565020 -54.169834
-124.945720 45.815020 -11.744790 -124.945720 46.065020 -11.979910 -124.695720 46.065020 -14.821690
-124.945720 45.815020 -11.744790 -124.695720 46.065020 -14.821690 -124.695720 45.815020 -14.645612
-124.695720 45.815020 -14.645612 -124.695720 46.065020 -14.821690 -124.445720 46.065020 -18.367412
-124.695720 45.815020 -14.645612 -124.445720 46.065020 -18.367412 -124.445720 45.815020 -18.268206
-124.445720 45.815020 -18.268206 -124.445720 46.065020 -18.367412 -124.195720 46.065020 -22.175301
-124.445720 45.815020 -18.268206 -124.195720 46.065020 -22.175301 -124.195720 45.815020 -22.266821
-124.195720 45.815020 -22.266821 -124.195720 46.065020 -22.175301 -123.945720 46.065020 -26.182701
-124.195720 45.815020 -22.266821 -123.945720 46.065020 -26.182701 -123.945720 45.815020 -26.480036
-123.945720 45.815020 -26.480036 -123.945720 46.065020 -26.182701 -123.695720 46.065020 -30.191268
-123.945720 45.815020 -26.480036 -123.695720 46.065020 -30.191268 -123.695720 45.815020 -30.683162
-123.695720 45.815020 -30.683162 -123.695720 46.065020 -30.191268 -123.445720 46.065020 -34.775544
-123.695720 45.815020 -30.683162 -123.445720 46.065020 -34.775544 -123.445720 45.815020 -35.354157
-123.445720 45.815020 -35.354157 -123.445720 46.065020 -34.775544 -123.195720 46.065020 -38.528630
-123.445720 45.815020 -35.354157 -123.195720 46.065020 -38.528630 -123.195720 45.815020 -39.120124
-123.195720 45.815020 -39.120124 -123.195720 46.065020 -38.528630 -122.945720 46.065020 -42.703984
-123.195720 45.815020 -39.120124 -122.945720 46.065020 -42.703984 -122.945720 45.815020 -43.361175
-122.945720 45.815020 -43.361175 -122.945720 46.065020 -42.703984 -122.695720 46.065020 -47.586057
-122.945720 45.815020 -43.361175 -122.695720 46.065020 -47.586057 -122.695720 45.815020 -48.170578
-122.695720 45.815020 -48.170578 -122.695720 46.065020 -47.586057 -122.445720 46.065020 -53.041855
-122.695720 45.815020 -48.170578 -122.445720 46.065020 -53.041855 -122.445720 45.815020 -53.415009
-122.445720 45.815020 -53.415009 -122.445720 46.065020 -53.041855 -122.195720 46.065020 -59.480180
-122.445720 45.815020 -53.415009 -122.195720 46.065020 -59.480180 -122.195720 45.815020 -59.540798
-124.945720 46.065020 -11.979910 -124.945720 46.315020 -12.243097 -124.695720 46.315020 -15.042082
-124.945720 46.065020 -11.979910 -124.695720 46.315020 -15.042082 -124.695720 46.065020 -14.821690
-124.695720 46.065020 -14.821690 -124.695720 46.315020 -15.042082 -124.445720 46.315020 -18.551306
-124.695720 46.065020 -14.821690 -124.445720 46.315020 -18.551306 -124.445720 46.065020 -18.367412
-124.445720 46.065020 -18.367412 -124.445720 46.315020 -18.551306 -124.195720 46.315020 -22.195848
-124.445720 46.065020 -18.367412 -124.195720 46.315020 -22.195848 -124.195720 46.065020 -22.175301
-124.195720 46.065020 -22.175301 -124.195720 46.315020 -22.195848 -123.945720 46.315020 -25.945878
-124.195720 46.065020 -22.175301 -123.945720 46.315020 -25.945878 -123.945720 46.065020 -26.182701
-123.945720 46.065020 -26.182701 -123.945720 46.315020 -25.945878 -123.695720 46.315020 -29.766215
-123.945720 46.065020 -26.182701 -123.695720 46.315020 -29.766215 -123.695720 46.065020 -30.191268
-123.695720 46.065020 -30.191268 -123.695720 46.315020 -29.766215 -123.445720 46.315020 -34.125365
-123.695720 46.065020 -30.191268 -123.445720 46.315020 -34.125365 -123.445720 46.065020 -34.775544
-123.445720 46.065020 -34.775544 -123.445720 46.315020 -34.125365 -123.195720 46.315020 -37.961709
-123.445720 46.065020 -34.775544 -123.195720 46.315020 -37.961709 -123.195720 46.065020 -38.528630
-123.195720 46.065020 -38.528630 -123.195720 46.315020 -37.961709 -122.945720 46.315020 -42.080477
-123.195720 46.065020 -38.528630 -122.945720 46.315020 -42.080477 -122.945720 46.065020 -42.703984
-122.945720 46.065020 -42.703984 -122.945720 46.315020 -42.080477 -122.695720 46.315020 -47.052284
-122.945720 46.065020 -42.703984 -122.695720 46.315020 -47.052284 -122.695720 46.065020 -47.586057
-122.695720 46.065020 -47.586057 -122.695720 46.315020 -47.052284 -122.445720 46.315020 -52.789057
-122.695720 46.065020 -47.586057 -122.445720 46.315020 -52.789057 -122.445720 46.065020 -53.041855
-122.445720 46.065020 -53.041855 -122.445720 46.315020 -52.789057 -122.195720 46.315020 -59.628821
-122.445720 46.065020 -53.041855 -122.195720 46.315020 -59.628821 -122.195720 46.065020 -59.480180
-124.945720 46.315020 -12.243097 -124.945720 46.565020 -12.647020 -124.695720 46.565020 -15.587892
-124.945720 46.315020 -12.243097 -124.695720 46.565020 -15.587892 -124.695720 46.315020 -15.042082
-124.695720 46.315020 -15.042082 -124.695720 46.565020 -15.587892 -124.445720 46.565020 -18.993625
-124.695720 46.315020 -15.042082 -124.445720 46.565020 -18.993625 -124.445720 46.315020 -18.551306
-124.445720 46.315020 -18.551306 -124.445720 46.565020 -18.993625 -124.195720 46.565020 -22.469210
-124.445720 46.315020 -18.551306 -124.195720 46.565020 -22.469210 -124.195720 46.315020 -22.195848
-124.195720 46.315020 -22.195848 -124.195720 46.565020 -22.469210 -123.945720 46.565020 -26.017391
-124.195720 46.315020 -22.195848 -123.945720 46.565020 -26.017391 -123.945720 46.315020 -25.945878
-123.945720 46.315020 -25.945878 -123.945720 46.565020 -26.017391 -123.695720 46.565020 -29.572220
-123.945720 46.315020 -25.945878 -123.695720 46.565020 -29.572220 -123.695720 46.315020 -29.766215
-123.695720 46.315020 -29.766215 -123.695720 46.565020 -29.572220 -123.445720 46.565020 -33.616845
-123.695720 46.315020 -29.766215 -123.445720 46.565020 -33.616845 -123.445720 46.315020 -34.125365
-123.445720 46.315020 -34.125365 -123.445720 46.565020 -33.616845 -123.195720 46.565020 -37.448441
-123.445720 46.315020 -34.125365 -123.195720 46.565020 -37.448441 -123.195720 46.315020 -37.961709
-123.195720 46.315020 -37.961709 -123.195720 46.565020 -37.448441 -122.945720 46.565020 -41.439258
-123.195720 46.315020 -37.961709 -122.945720 46.565020 -41.439258 -122.945720 46.315020 -42.080477
-122.945720 46.315020 -42.080477 -122.945720 46.565020 -41.439258 -122.695720 46.565020 -46.593614
-122.945720 46.315020 -42.080477 -122.695720 46.565020 -46.593614 -122.695720 46.315020 -47.052284
-122.695720 46.315020 -47.052284 -122.695720 46.565020 -46.593614 -122.445720 46.565020 -52.998105
-122.695720 46.315020 -47.052284 -122.445720 46.565020 -52.998105 -122.445720 46.315020 -52.789057
-122.445720 46.315020 -52.789057 -122.445720 46.565020 -52.998105 -122.195720 46.565020 -59.817687
-122.445720 46.315020 -52.789057 -122.195720 46.565020 -59.817687 -122.195720 46.315020 -59.628821
-124.945720 46.565020 -12.647020 -124.945720 46.815020 -13.246859 -124.695720 46.815020 -16.278303
-124.945720 46.565020 -12.647020 -124.695720 46.815020 -16.278303 -124.695720 46.565020 -15.587892
-124.695720 46.565020 -15.587892 -124.695720 46.815020 -16.278303 -124.445720 46.815020 -19.622734
-124.695720 46.565020 -15.587892 -124.445720 46.815020 -19.622734 -124.445720 46.565020 -18.993625
-124.445720 46.565020 -18.993625 -124.445720 46.815020 -19.622734 -124.195720 46.815020 -22.997741
-124.445720 46.565020 -18.993625 -124.195720 46.815020 -22.997741 -124.195720 46.565020 -22.469210
-124.195720 46.565020 -22.469210 -124.195720 46.815020 -22.997741 -123.945720 46.815020 -26.356795
-124.195720 46.565020 -22.469210 -123.945720 46.815020 -26.356795 -123.945720 46.565020 -26.017391
-123.945720 46.565020 -26.017391 -123.945720 46.815020 -26.356795 -123.695720 46.815020 -29.675217
-123.945720 46.565020 -26.017391 -123.695720 46.815020 -29.675217 -123.695720 46.565020 -29.572220
-123.695720 46.565020 -29.572220 -123.695720 46.815020 -29.675217 -123.445720 46.815020 -33.336337
-123.695720 46.565020 -29.572220 -123.445720 46.815020 -33.336337 -123.445720 46.565020 -33.616845
-123.445720 46.565020 -33.616845 -123.445720 46.815020 -33.336337 -123.195720 46.815020 -37.027666
-123.445720 46.565020 -33.616845 -123.195720 46.815020 -37.027666 -123.195720 46.565020 -37.448441
-123.195720 46.565020 -37.448441 -123.195720 46.815020 -37.027666 -122.945720 46.815020 -40.748502
-123.195720 46.565020 -37.448441 -122.945720 46.815020 -40.748502 -122.945720 46.565020 -41.439258
-122.945720 46.565020 -41.439258 -122.945720 46.815020 -40.748502 -122.695720 46.815020 -45.758364
-122.945720 46.565020 -41.439258 -122.695720 46.815020 -45.758364 -122.695720 46.565020 -46.593614
-122.695720 46.565020 -46.593614 -122.695720 46.815020 -45.758364 -122.445720 46.815020 -52.670298
-122.695720 46.565020 -46.593614 -122.445720 46.815020 -52.670298 -122.445720 46.565020 -52.998105
-122.445720 46.565020 -52.998105 -122.445720 46.815020 -52.670298 -122.195720 46.815020 -59.682351
-122.445720 46.565020 -52.998105 -122.195720 46.815020 -59.682351 -122.195720 46.565020 -59.817687
-125.195720 46.815020 -10.394001 -125.195720 47.065020 -11.154306 -124.945720 47.065020 -14.042615
-125.195720 46.815020 -10.394001 -124.945720 47.065020 -14.042615 -124.945720 46.815020 -13.246859
-124.945720 46.815020 -13.246859 -124.945720 47.065020 -14.042615 -124.695720 47.065020 -17.267510
-124.945720 46.815020 -13.246859 -124.695720 47.065020 -17.267510 -124.695720 46.815020 -16.278303
-124.695720 46.815020 -16.278303 -124.695720 47.065020 -17.267510 -124.445720 47.065020 -20.612094
-124.695720 46.815020 -16.278303 -124.445720 47.065020 -20.612094 -124.445720 46.815020 -19.622734
-124.445720 46.815020 -19.622734 -124.445720 47.065020 -20.612094 -124.195720 47.065020 -23.791359
-124.445720 46.815020 -19.622734 -124.195720 47.065020 -23.791359 -124.195720 46.815020 -22.997741
-124.195720 46.815020 -22.997741 -124.195720 47.065020 -23.791359 -123.945720 47.065020 -26.884016
-124.195720 46.815020 -22.997741 -123.945720 47.065020 -26.884016 -123.945720 46.815020 -26.356795
-123.945720 46.815020 -26.356795 -123.945720 47.065020 -26.884016 -123.695720 47.065020 -29.915581
-123.945720 46.815020 -26.356795 -123.695720 47.065020 -29.915581 -123.695720 46.815020 -29.675217
-123.695720 46.815020 -29.675217 -123.695720 47.065020 -29.915581 -123.445720 47.065020 -33.265091
-123.695720 46.815020 -29.675217 -123.445720 47.065020 -33.265091 -123.445720 46.815020 -33.336337
-123.445720 46.815020 -33.336337 -123.445720 47.065020 -33.265091 -123.195720 47.065020 -36.679813
-123.445720 46.815020 -33.336337 -123.195720 47.065020 -36.679813 -123.195720 46.815020 -37.027666
-123.195720 46.815020 -37.027666 -123.195720 47.065020 -36.679813 -122.945720 47.065020 -39.963496
-123.195720 46.815020 -37.027666 -122.945720 47.065020 -39.963496 -122.945720 46.815020 -40.748502
-122.945720 46.815020 -40.748502 -122.945720 47.065020 -39.963496 -122.695720 47.065020 -44.164764
-122.945720 46.815020 -40.748502 -122.695720 47.065020 -44.164764 -122.695720 46.815020 -45.758364
-122.695720 46.815020 -45.758364 -122.695720 47.065020 -44.164764 -122.445720 47.065020 -49.438153
-122.695720 46.815020 -45.758364 -122.445720 47.065020 -49.438153 -122.445720 46.815020 -52.670298
-122.445720 46.815020 -52.670298 -122.445720 47.065020 -49.438153 -122.195720 47.065020 -56.537572
-122.445720 46.815020 -52.670298 -122.195720 47.065020 -56.537572 -122.195720 46.815020 -59.682351
-125.195720 47.065020 -11.154306 -125.195720 47.315020 -12.236041 -124.945720 47.315020 -15.116253
-125.195720 47.065020 -11.154306 -124.945720 47.315020 -15.116253 -124.945720 47.065020 -14.042615
-124.945720 47.065020 -14.042615 -124.945720 47.315020 -15.116253 -124.695720 47.315020 -18.518200
-124.945720 47.065020 -14.042615 -124.695720 47.315020 -18.518200 -124.695720 47.065020 -17.267510
-124.695720 47.065020 -17.267510 -124.695720 47.315020 -18.518200 -124.445720 47.315020 -21.724286
-124.695720 47.065020 -17.267510 -124.445720 47.315020 -21.724286 -124.445720 47.065020 -20.612094
-124.445720 47.065020 -20.612094 -124.445720 47.315020 -21.724286 -124.195720 47.315020 -24.792838
-124.445720 47.065020 -20.612094 -124.195720 47.315020 -24.792838 -124.195720 47.065020 -23.791359
-124.195720 47.065020 -23.791359 -124.195720 47.315020 -24.792838 -123.945720 47.315020 -27.602917
-124.195720 47.065020 -23.791359 -123.945720 47.315020 -27.602917 -123.945720 47.065020 -26.884016
-123.945720 47.065020 -26.884016 -123.945720 47.315020 -27.602917 -123.695720 47.315020 -30.461189
-123.945720 47.065020 -26.884016 -123.695720 47.315020 -30.461189 -123.695720 47.065020 -29.915581
-123.695720 47.065020 -29.915581 -123.695720 47.315020 -30.461189 -123.445720 47.315020 -33.447388
-123.695720 47.065020 -29.915581 -123.445720 47.315020 -33.447388 -123.445720 47.065020 -33.265091
-123.445720 47.065020 -33.265091 -123.445720 47.315020 -33.447388 -123.195720 47.315020 -36.527758
-123.445720 47.065020 -33.265091 -123.195720 47.315020 -36.527758 -123.195720 47.065020 -36.679813
-123.195720 47.065020 -36.679813 -123.195720 47.315020 -36.527758 -122.945720 47.315020 -39.623429
-123.195720 47.065020 -36.679813 -122.945720 47.315020 -39.623429 -122.945720 47.065020 -39.963496
-122.945720 47.065020 -39.963496 -122.945720 47.315020 -39.623429 -122.695720 47.315020 -43.114511
-122.945720 47.065020 -39.963496 -122.695720 47.315020 -43.114511 -122.695720 47.065020 -44.164764
-122.695720 47.065020 -44.164764 -122.695720 47.315020 -43.114511 -122.445720 47.315020 -47.920506
-122.695720 47.065020 -44.164764 -122.445720 47.315020 -47.920506 -122.445720 47.065020 -49.438153
-122.445720 47.065020 -49.438153 -122.445720 47.315020 -47.920506 -122.195720 47.315020 -53.881112
-122.445720 47.065020 -49.438153 -122.195720 47.315020 -53.881112 -122.195720 47.065020 -56.537572
-125.195720 47.315020 -12.236041 -125.195720 47.565020 -13.677598 -124.945720 47.565020 -16.756602
-125.195720 47.315020 -12.236041 -124.945720 47.565020 -16.756602 -124.945720 47.315020 -15.116253
-124.945720 47.315020 -15.116253 -124.945720 47.565020 -16.756602 -124.695720 47.565020 -20.046408
-124.945720 47.315020 -15.116253 -124.695720 47.565020 -20.046408 -124.695720 47.315020 -18.518200
-124.695720 47.315020 -18.518200 -124.695720 47.565020 -20.046408 -124.445720 47.565020 -23.005037
-124.695720 47.315020 -18.518200 -124.445720 47.565020 -23.005037 -124.445720 47.315020 -21.724286
-124.445720 47.315020 -21.724286 -124.445720 47.565020 -23.005037 -124.195720 47.565020 -25.878173
-124.445720 47.315020 -21.724286 -124.195720 47.565020 -25.878173 -124.195720 47.315020 -24.792838
-124.195720 47.315020 -24.792838 -124.195720 47.565020 -25.878173 -123.945720 47.565020 -28.506789
-124.195720 47.315020 -24.792838 -123.945720 47.565020 -28.506789 -123.945720 47.315020 -27.602917
-123.945720 47.315020 -27.602917 -123.945720 47.565020 -28.506789 -123.695720 47.565020 -31.134281
-123.945720 47.315020 -27.602917 -123.695720 47.565020 -31.134281 -123.695720 47.315020 -30.461189
-123.695720 47.315020 -30.461189 -123.695720 47.565020 -31.134281 -123.445720 47.565020 -33.848697
-123.695720 47.315020 -30.461189 -123.445720 47.565020 -33.848697 -123.445720 47.315020 -33.447388
-123.445720 47.315020 -33.447388 -123.445720 47.565020 -33.848697 -123.195720 47.565020 -36.684161
-123.445720 47.315020 -33.447388 -123.195720 47.565020 -36.684161 -123.195720 47.315020 -36.527758
-123.195720 47.315020 -36.527758 -123.195720 47.565020 -36.684161 -122.945720 47.565020 -39.492890
-123.195720 47.315020 -36.527758 -122.945720 47.565020 -39.492890 -122.945720 47.315020 -39.623429
-122.945720 47.315020 -39.623429 -122.945720 47.565020 -39.492890 -122.695720 47.565020 -43.032786
-122.945720 47.315020 -39.623429 -122.695720 47.565020 -43.032786 -122.695720 47.315020 -43.114511
-122.695720 47.315020 -43.114511 -122.695720 47.565020 -43.032786 -122.445720 47.565020 -47.780999
-122.695720 47.315020 -43.114511 -122.445720 47.565020 -47.780999 -122.445720 47.315020 -47.920506
-122.445720 47.315020 -47.920506 -122.445720 47.565020 -47.780999 -122.195720 47.565020 -53.845136
-122.445720 47.315020 -47.920506 -122.195720 47.565020 -53.845136 -122.195720 47.315020 -53.881112
-125.445720 47.565020 -10.785957 -125.445720 47.815020 -12.590241 -125.195720 47.815020 -15.465462
-125.445720 47.565020 -10.785957 -125.195720 47.815020 -15.465462 -125.195720 47.565020 -13.677598
-125.195720 47.565020 -13.677598 -125.195720 47.815020 -15.465462 -124.945720 47.815020 -18.646027
-125.195720 47.565020 -13.677598 -124.945720 47.815020 -18.646027 -124.945720 47.565020 -16.756602
-124.945720 47.565020 -16.756602 -124.945720 47.815020 -18.646027 -124.695720 47.815020 -21.598473
-124.945720 47.565020 -16.756602 -124.695720 47.815020 -21.598473 -124.695720 47.565020 -20.046408
-124.695720 47.565020 -20.046408 -124.695720 47.815020 -21.598473 -124.445720 47.815020 -24.434913
-124.695720 47.565020 -20.046408 -124.445720 47.815020 -24.434913 -124.445720 47.565020 -23.005037
-124.445720 47.565020 -23.005037 -124.445720 47.815020 -24.434913 -124.195720 47.815020 -27.128188
-124.445720 47.565020 -23.005037 -124.195720 47.815020 -27.128188 -124.195720 47.565020 -25.878173
-124.195720 47.565020 -25.878173 -124.195720 47.815020 -27.128188 -123.945720 47.815020 -29.717091
-124.195720 47.565020 -25.878173 -123.945720 47.815020 -29.717091 -123.945720 47.565020 -28.506789
-123.945720 47.565020 -28.506789 -123.945720 47.815020 -29.717091 -123.695720 47.815020 -32.013214
-123.945720 47.565020 -28.506789 -123.695720 47.815020 -32.013214 -123.695720 47.565020 -31.134281
-123.695720 47.565020 -31.134281 -123.695720 47.815020 -32.013214 -123.445720 47.815020 -34.466885
-123.695720 47.565020 -31.134281 -123.445720 47.815020 -34.466885 -123.445720 47.565020 -33.848697
-123.445720 47.565020 -33.848697 -123.445720 47.815020 -34.466885 -123.195720 47.815020 -37.233133
-123.445720 47.565020 -33.848697 -123.195720 47.815020 -37.233133 -123.195720 47.565020 -36.684161
-123.195720 47.565020 -36.684161 -123.195720 47.815020 -37.233133 -122.945720 47.815020 -40.028945
-123.195720 47.565020 -36.684161 -122.945720 47.815020 -40.028945 -122.945720 47.565020 -39.492890
-122.945720 47.565020 -39.492890 -122.945720 47.815020 -40.028945 -122.695720 47.815020 -43.861763
-122.945720 47.565020 -39.492890 -122.695720 47.815020 -43.861763 -122.695720 47.565020 -43.032786
-122.695720 47.565020 -43.032786 -122.695720 47.815020 -43.861763 -122.445720 47.815020 -48.723715
-122.695720 47.565020 -43.032786 -122.445720 47.815020 -48.723715 -122.445720 47.565020 -47.780999
-122.445720 47.565020 -47.780999 -122.445720 47.815020 -48.723715 -122.195720 47.815020 -54.479214
-122.445720 47.565020 -47.780999 -122.195720 47.815020 -54.479214 -122.195720 47.565020 -53.845136
-125.445720 47.815020 -12.590241 -125.445720 48.065020 -14.768993 -125.195720 48.065020 -17.758772
-125.445720 47.815020 -12.590241 -125.195720 48.065020 -17.758772 -125.195720 47.815020 -15.465462
-125.195720 47.815020 -15.465462 -125.195720 48.065020 -17.758772 -124.945720 48.065020 -20.708648
-125.195720 47.815020 -15.465462 -124.945720 48.065020 -20.708648 -124.945720 47.815020 -18.646027
-124.945720 47.815020 -18.646027 -124.945720 48.065020 -20.708648 -124.695720 48.065020 -23.363635
-124.945720 47.815020 -18.646027 -124.695720 48.065020 -23.363635 -124.695720 47.815020 -21.598473
-124.695720 47.815020 -21.598473 -124.695720 48.065020 -23.363635 -124.445720 48.065020 -26.104160
-124.695720 47.815020 -21.598473 -124.445720 48.065020 -26.104160 -124.445720 47.815020 -24.434913
-124.445720 47.815020 -24.434913 -124.445720 48.065020 -26.104160 -124.195720 48.065020 -28.809579
-124.445720 47.815020 -24.434913 -124.195720 48.065020 -28.809579 -124.195720 47.815020 -27.128188
-124.195720 47.815020 -27.128188 -124.195720 48.065020 -28.809579 -123.945720 48.065020 -31.102658
-124.195720 47.815020 -27.128188 -123.945720 48.065020 -31.102658 -123.945720 47.815020 -29.717091
-123.945720 47.815020 -29.717091 -123.945720 48.065020 -31.102658 -123.695720 48.065020 -33.177473
-123.945720 47.815020 -29.717091 -123.695720 48.065020 -33.177473 -123.695720 47.815020 -32.013214
-123.695720 47.815020 -32.013214 -123.695720 48.065020 -33.177473 -123.445720 48.065020 -35.481962
-123.695720 47.815020 -32.013214 -123.445720 48.065020 -35.481962 -123.445720 47.815020 -34.466885
-123.445720 47.815020 -34.466885 -123.445720 48.065020 -35.481962 -123.195720 48.065020 -38.357407
-123.445720 47.815020 -34.466885 -123.195720 48.065020 -38.357407 -123.195720 47.815020 -37.233133
-123.195720 47.815020 -37.233133 -123.195720 48.065020 -38.357407 -122.945720 48.065020 -41.704427
-123.195720 47.815020 -37.233133 -122.945720 48.065020 -41.704427 -122.945720 47.815020 -40.028945
-122.945720 47.815020 -40.028945 -122.945720 48.065020 -41.704427 -122.695720 48.065020 -45.800608
-122.945720 47.815020 -40.028945 -122.695720 48.065020 -45.800608 -122.695720 47.815020 -43.861763
-122.695720 47.815020 -43.861763 -122.695720 48.065020 -45.800608 -122.445720 48.065020 -50.804395
-122.695720 47.815020 -43.861763 -122.445720 48.065020 -50.804395 -122.445720 47.815020 -48.723715
-122.445720 47.815020 -48.723715 -122.445720 48.065020 -50.804395 -122.195720 48.065020 -56.417495
-122.445720 47.815020 -48.723715 -122.195720 48.065020 -56.417495 -122.195720 47.815020 -54.479214
-125.695720 48.065020 -12.088660 -125.695720 48.315020 -14.701445 -125.445720 48.315020 -17.552859
-125.695720 48.065020 -12.088660 -125.445720 48.315020 -17.552859 -125.445720 48.065020 -14.768993
-125.445720 48.065020 -14.768993 -125.445720 48.315020 -17.552859 -125.195720 48.315020 -20.408501
-125.445720 48.065020 -14.768993 -125.195720 48.315020 -20.408501 -125.195720 48.065020 -17.758772
-125.195720 48.065020 -17.758772 -125.195720 48.315020 -20.408501 -124.945720 48.315020 -22.998510
-125.195720 48.065020 -17.758772 -124.945720 48.315020 -22.998510 -124.945720 48.065020 -20.708648
-124.945720 48.065020 -20.708648 -124.945720 48.315020 -22.998510 -124.695720 48.315020 -25.684026
-124.945720 48.065020 -20.708648 -124.695720 48.315020 -25.684026 -124.695720 48.065020 -23.363635
-124.695720 48.065020 -23.363635 -124.695720 48.315020 -25.684026 -124.445720 48.315020 -28.440461
-124.695720 48.065020 -23.363635 -124.445720 48.315020 -28.440461 -124.445720 48.065020 -26.104160
-124.445720 48.065020 -26.104160 -124.445720 48.315020 -28.440461 -124.195720 48.315020 -30.851766
-124.445720 48.065020 -26.104160 -124.195720 48.315020 -30.851766 -124.195720 48.065020 -28.809579
-124.195720 48.065020 -28.809579 -124.195720 48.315020 -30.851766 -123.945720 48.315020 -32.707674
-124.195720 48.065020 -28.809579 -123.945720 48.315020 -32.707674 -123.945720 48.065020 -31.102658
-123.945720 48.065020 -31.102658 -123.945720 48.315020 -32.707674 -123.695720 48.315020 -34.599707
-123.945720 48.065020 -31.102658 -123.695720 48.315020 -34.599707 -123.695720 48.065020 -33.177473
-123.695720 48.065020 -33.177473 -123.695720 48.315020 -34.599707 -123.445720 48.315020 -37.235133
-123.695720 48.065020 -33.177473 -123.445720 48.315020 -37.235133 -123.445720 48.065020 -35.481962
-123.445720 48.065020 -35.481962 -123.445720 48.315020 -37.235133 -123.195720 48.315020 -40.054818
-123.445720 48.065020 -35.481962 -123.195720 48.315020 -40.054818 -123.195720 48.065020 -38.357407
-123.195720 48.065020 -38.357407 -123.195720 48.315020 -40.054818 -122.945720 48.315020 -44.045142
-123.195720 48.065020 -38.357407 -122.945720 48.315020 -44.045142 -122.945720 48.065020 -41.704427
-122.945720 48.065020 -41.704427 -122.945720 48.315020 -44.045142 -122.695720 48.315020 -49.040936
-122.945720 48.065020 -41.704427 -122.695720 48.315020 -49.040936 -122.695720 48.065020 -45.800608
-122.695720 48.065020 -45.800608 -122.695720 48.315020 -49.040936 -122.445720 48.315020 -54.287426
-122.695720 48.065020 -45.800608 -122.445720 48.315020 -54.287426 -122.445720 48.065020 -50.804395
-122.445720 48.065020 -50.804395 -122.445720 48.315020 -54.287426 -122.195720 48.315020 -59.827335
-122.445720 48.065020 -50.804395 -122.195720 48.315020 -59.827335 -122.195720 48.065020 -56.417495
-125.945720 48.315020 -12.135451 -125.945720 48.565020 -15.106219 -125.695720 48.565020 -17.732885
-125.945720 48.315020 -12.135451 -125.695720 48.565020 -17.732885 -125.695720 48.315020 -14.701445
-125.695720 48.315020 -14.701445 -125.695720 48.565020 -17.732885 -125.445720 48.565020 -20.484719
-125.695720 48.315020 -14.701445 -125.445720 48.565020 -20.484719 -125.445720 48.315020 -17.552859
-125.445720 48.315020 -17.552859 -125.445720 48.565020 -20.484719 -125.195720 48.565020 -23.248270
-125.445720 48.315020 -17.552859 -125.195720 48.565020 -23.248270 -125.195720 48.315020 -20.408501
-125.195720 48.315020 -20.408501 -125.195720 48.565020 -23.248270 -124.945720 48.565020 -26.036720
-125.195720 48.315020 -20.408501 -124.945720 48.565020 -26.036720 -124.945720 48.315020 -22.998510
-124.945720 48.315020 -22.998510 -124.945720 48.565020 -26.036720 -124.695720 48.565020 -28.961568
-124.945720 48.315020 -22.998510 -124.695720 48.565020 -28.961568 -124.695720 48.315020 -25.684026
-124.695720 48.315020 -25.684026 -124.695720 48.565020 -28.961568 -124.445720 48.565020 -31.267522
-124.695720 48.315020 -25.684026 -124.445720 48.565020 -31.267522 -124.445720 48.315020 -28.440461
-124.445720 48.315020 -28.440461 -124.445720 48.565020 -31.267522 -124.195720 48.565020 -33.080803
-124.445720 48.315020 -28.440461 -124.195720 48.565020 -33.080803 -124.195720 48.315020 -30.851766
-124.195720 48.315020 -30.851766 -124.195720 48.565020 -33.080803 -123.945720 48.565020 -34.795159
-124.195720 48.315020 -30.851766 -123.945720 48.565020 -34.795159 -123.945720 48.315020 -32.707674
-123.945720 48.315020 -32.707674 -123.945720 48.565020 -34.795159 -123.695720 48.565020 -37.220022
-123.945720 48.315020 -32.707674 -123.695720 48.565020 -37.220022 -123.695720 48.315020 -34.599707
-123.695720 48.315020 -34.599707 -123.695720 48.565020 -37.220022 -123.445720 48.565020 -39.834959
-123.695720 48.315020 -34.599707 -123.445720 48.565020 -39.834959 -123.445720 48.315020 -37.235133
-123.445720 48.315020 -37.235133 -123.445720 48.565020 -39.834959 -123.195720 48.565020 -43.586854
-123.445720 48.315020 -37.235133 -123.195720 48.565020 -43.586854 -123.195720 48.315020 -40.054818
-123.195720 48.315020 -40.054818 -123.195720 48.565020 -43.586854 -122.945720 48.565020 -48.339919
-123.195720 48.315020 -40.054818 -122.945720 48.565020 -48.339919 -122.945720 48.315020 -44.045142
-122.945720 48.315020 -44.045142 -122.945720 48.565020 -48.339919 -122.695720 48.565020 -54.024200
-122.945720 48.315020 -44.045142 -122.695720 48.565020 -54.024200 -122.695720 48.315020 -49.040936
-122.695720 48.315020 -49.040936 -122.695720 48.565020 -54.024200 -122.445720 48.565020 -59.391909
-122.695720 48.315020 -49.040936 -122.445720 48.565020 -59.391909 -122.445720 48.315020 -54.287426
-126.195720 48.565020 -12.509868 -126.195720 48.815020 -15.817895 -125.945720 48.815020 -18.276815
-126.195720 48.565020 -12.509868 -125.945720 48.815020 -18.276815 -125.945720 48.565020 -15.106219
-125.945720 48.565020 -15.106219 -125.945720 48.815020 -18.276815 -125.695720 48.815020 -20.996042
-125.945720 48.565020 -15.106219 -125.695720 48.815020 -20.996042 -125.695720 48.565020 -17.732885
-125.695720 48.565020 -17.732885 -125.695720 48.815020 -20.996042 -125.445720 48.815020 -24.039331
-125.695720 48.565020 -17.732885 -125.445720 48.815020 -24.039331 -125.445720 48.565020 -20.484719
-125.445720 48.565020 -20.484719 -125.445720 48.815020 -24.039331 -125.195720 48.815020 -27.153447
-125.445720 48.565020 -20.484719 -125.195720 48.815020 -27.153447 -125.195720 48.565020 -23.248270
-125.195720 48.565020 -23.248270 -125.195720 48.815020 -27.153447 -124.945720 48.815020 -30.214347
-125.195720 48.565020 -23.248270 -124.945720 48.815020 -30.214347 -124.945720 48.565020 -26.036720
-124.945720 48.565020 -26.036720 -124.945720 48.815020 -30.214347 -124.695720 48.815020 -32.629833
-124.945720 48.565020 -26.036720 -124.695720 48.815020 -32.629833 -124.695720 48.565020 -28.961568
-124.695720 48.565020 -28.961568 -124.695720 48.815020 -32.629833 -124.445720 48.815020 -34.643682
-124.695720 48.565020 -28.961568 -124.445720 48.815020 -34.643682 -124.445720 48.565020 -31.267522
-124.445720 48.565020 -31.267522 -124.445720 48.815020 -34.643682 -124.195720 48.815020 -36.793579
-124.445720 48.565020 -31.267522 -124.195720 48.815020 -36.793579 -124.195720 48.565020 -33.080803
-124.195720 48.565020 -33.080803 -124.195720 48.815020 -36.793579 -123.945720 48.815020 -39.070380
-124.195720 48.565020 -33.080803 -123.945720 48.815020 -39.070380 -123.945720 48.565020 -34.795159
-123.945720 48.565020 -34.795159 -123.945720 48.815020 -39.070380 -123.695720 48.815020 -41.464445
-123.945720 48.565020 -34.795159 -123.695720 48.815020 -41.464445 -123.695720 48.565020 -37.220022
-123.695720 48.565020 -37.220022 -123.695720 48.815020 -41.464445 -123.445720 48.815020 -44.492898
-123.695720 48.565020 -37.220022 -123.445720 48.815020 -44.492898 -123.445720 48.565020 -39.834959
-123.445720 48.565020 -39.834959 -123.445720 48.815020 -44.492898 -123.195720 48.815020 -49.051565
-123.445720 48.565020 -39.834959 -123.195720 48.815020 -49.051565 -123.195720 48.565020 -43.586854
-123.195720 48.565020 -43.586854 -123.195720 48.815020 -49.051565 -122.945720 48.815020 -54.368330
-123.195720 48.565020 -43.586854 -122.945720 48.815020 -54.368330 -122.945720 48.565020 -48.339919
-122.945720 48.565020 -48.339919 -122.945720 48.815020 -54.368330 -122.695720 48.815020 -59.730735
-122.945720 48.565020 -48.339919 -122.695720 48.815020 -59.730735 -122.695720 48.565020 -54.024200
-126.695720 48.815020 -10.503098 -126.695720 49.065020 -14.386350 -126.445720 49.065020 -17.085000
-126.695720 48.815020 -10.503098 -126.445720 49.065020 -17.085000 -126.445720 48.815020 -13.261880
-126.445720 48.815020 -13.261880 -126.445720 49.065020 -17.085000 -126.195720 49.065020 -19.568213
-126.445720 48.815020 -13.261880 -126.195720 49.065020 -19.568213 -126.195720 48.815020 -15.817895
-126.195720 48.815020 -15.817895 -126.195720 49.065020 -19.568213 -125.945720 49.065020 -22.550092
-126.195720 48.815020 -15.817895 -125.945720 49.065020 -22.550092 -125.945720 48.815020 -18.276815
-125.945720 48.815020 -18.276815 -125.945720 49.065020 -22.550092 -125.695720 49.065020 -25.753507
-125.945720 48.815020 -18.276815 -125.695720 49.065020 -25.753507 -125.695720 48.815020 -20.996042
-125.695720 48.815020 -20.996042 -125.695720 49.065020 -25.753507 -125.445720 49.065020 -28.831522
-125.695720 48.815020 -20.996042 -125.445720 49.065020 -28.831522 -125.445720 48.815020 -24.039331
-125.445720 48.815020 -24.039331 -125.445720 49.065020 -28.831522 -125.195720 49.065020 -31.835342
-125.445720 48.815020 -24.039331 -125.195720 49.065020 -31.835342 -125.195720 48.815020 -27.153447
-125.195720 48.815020 -27.153447 -125.195720 49.065020 -31.835342 -124.945720 49.065020 -34.709033
-125.195720 48.815020 -27.153447 -124.945720 49.065020 -34.709033 -124.945720 48.815020 -30.214347
-124.945720 48.815020 -30.214347 -124.945720 49.065020 -34.709033 -124.695720 49.065020 -37.547551
-124.945720 48.815020 -30.214347 -124.695720 49.065020 -37.547551 -124.695720 48.815020 -32.629833
-124.695720 48.815020 -32.629833 -124.695720 49.065020 -37.547551 -124.445720 49.065020 -40.253210
-124.695720 48.815020 -32.629833 -124.445720 49.065020 -40.253210 -124.445720 48.815020 -34.643682
-124.445720 48.815020 -34.643682 -124.445720 49.065020 -40.253210 -124.195720 49.065020 -42.495850
-124.445720 48.815020 -34.643682 -124.195720 49.065020 -42.495850 -124.195720 48.815020 -36.793579
-124.195720 48.815020 -36.793579 -124.195720 49.065020 -42.495850 -123.945720 49.065020 -44.684705
-124.195720 48.815020 -36.793579 -123.945720 49.065020 -44.684705 -123.945720 48.815020 -39.070380
-123.945720 48.815020 -39.070380 -123.945720 49.065020 -44.684705 -123.695720 49.065020 -47.642745
-123.945720 48.815020 -39.070380 -123.695720 49.065020 -47.642745 -123.695720 48.815020 -41.464445
-123.695720 48.815020 -41.464445 -123.695720 49.065020 -47.642745 -123.445720 49.065020 -51.123191
-123.695720 48.815020 -41.464445 -123.445720 49.065020 -51.123191 -123.445720 48.815020 -44.492898
-123.445720 48.815020 -44.492898 -123.445720 49.065020 -51.123191 -123.195720 49.065020 -55.514366
-123.445720 48.815020 -44.492898 -123.195720 49.065020 -55.514366 -123.195720 48.815020 -49.051565
-126.945720 49.065020 -11.256228 -126.945720 49.315020 -15.408268 -126.695720 49.315020 -18.609251
-126.945720 49.065020 -11.256228 -126.695720 49.315020 -18.609251 -126.695720 49.065020 -14.386350
-126.695720 49.065020 -14.386350 -126.695720 49.315020 -18.609251 -126.445720 49.315020 -21.620693
-126.695720 49.065020 -14.386350 -126.445720 49.315020 -21.620693 -126.445720 49.065020 -17.085000
-126.445720 49.065020 -17.085000 -126.445720 49.315020 -21.620693 -126.195720 49.315020 -24.688660
-126.445720 49.065020 -17.085000 -126.195720 49.315020 -24.688660 -126.195720 49.065020 -19.568213
-126.195720 49.065020 -19.568213 -126.195720 49.315020 -24.688660 -125.945720 49.315020 -27.749723
-126.195720 49.065020 -19.568213 -125.945720 49.315020 -27.749723 -125.945720 49.065020 -22.550092
-125.945720 49.065020 -22.550092 -125.945720 49.315020 -27.749723 -125.695720 49.315020 -30.913713
-125.945720 49.065020 -22.550092 -125.695720 49.315020 -30.913713 -125.695720 49.065020 -25.753507
-125.695720 49.065020 -25.753507 -125.695720 49.315020 -30.913713 -125.445720 49.315020 -33.985839
-125.695720 49.065020 -25.753507 -125.445720 49.315020 -33.985839 -125.445720 49.065020 -28.831522
-125.445720 49.065020 -28.831522 -125.445720 49.315020 -33.985839 -125.195720 49.315020 -37.248240
-125.445720 49.065020 -28.831522 -125.195720 49.315020 -37.248240 -125.195720 49.065020 -31.835342
-125.195720 49.065020 -31.835342 -125.195720 49.315020 -37.248240 -124.945720 49.315020 -40.677771
-125.195720 49.065020 -31.835342 -124.945720 49.315020 -40.677771 -124.945720 49.065020 -34.709033
-124.945720 49.065020 -34.709033 -124.945720 49.315020 -40.677771 -124.695720 49.315020 -43.939562
-124.945720 49.065020 -34.709033 -124.695720 49.315020 -43.939562 -124.695720 49.065020 -37.547551
-124.695720 49.065020 -37.547551 -124.695720 49.315020 -43.939562 -124.445720 49.315020 -47.259336
-124.695720 49.065020 -37.547551 -124.445720 49.315020 -47.259336 -124.445720 49.065020 -40.253210
-124.445720 49.065020 -40.253210 -124.445720 49.315020 -47.259336 -124.195720 49.315020 -50.356730
-124.445720 49.065020 -40.253210 -124.195720 49.315020 -50.356730 -124.195720 49.065020 -42.495850
-124.195720 49.065020 -42.495850 -124.195720 49.315020 -50.356730 -123.945720 49.315020 -52.656837
-124.195720 49.065020 -42.495850 -123.945720 49.315020 -52.656837 -123.945720 49.065020 -44.684705
-123.945720 49.065020 -44.684705 -123.945720 49.315020 -52.656837 -123.695720 49.315020 -54.876243
-123.945720 49.065020 -44.684705 -123.695720 49.315020 -54.876243 -123.695720 49.065020 -47.642745
-123.695720 49.065020 -47.642745 -123.695720 49.315020 -54.876243 -123.445720 49.315020 -58.233902
-123.695720 49.065020 -47.642745 -123.445720 49.315020 -58.233902 -123.445720 49.065020 -51.123191
-127.195720 49.315020 -11.821300 -127.195720 49.565020 -16.027495 -126.945720 49.565020 -19.727255
-127.195720 49.315020 -11.821300 -126.945720 49.565020 -19.727255 -126.945720 49.315020 -15.408268
-126.945720 49.315020 -15.408268 -126.945720 49.565020 -19.727255 -126.695720 49.565020 -22.918388
-126.945720 49.315020 -15.408268 -126.695720 49.565020 -22.918388 -126.695720 49.315020 -18.609251
-126.695720 49.315020 -18.609251 -126.695720 49.565020 -22.918388 -126.445720 49.565020 -26.072870
-126.695720 49.315020 -18.609251 -126.445720 49.565020 -26.072870 -126.445720 49.315020 -21.620693
-126.445720 49.315020 -21.620693 -126.445720 49.565020 -26.072870 -126.195720 49.565020 -29.128856
-126.445720 49.315020 -21.620693 -126.195720 49.565020 -29.128856 -126.195720 49.315020 -24.688660
-126.195720 49.315020 -24.688660 -126.195720 49.565020 -29.128856 -125.945720 49.565020 -32.377227
-126.195720 49.315020 -24.688660 -125.945720 49.565020 -32.377227 -125.945720 49.315020 -27.749723
-125.945720 49.315020 -27.749723 -125.945720 49.565020 -32.377227 -125.695720 49.565020 -35.703846
-125.945720 49.315020 -27.749723 -125.695720 49.565020 -35.703846 -125.695720 49.315020 -30.913713
-125.695720 49.315020 -30.913713 -125.695720 49.565020 -35.703846 -125.445720 49.565020 -39.432477
-125.695720 49.315020 -30.913713 -125.445720 49.565020 -39.432477 -125.445720 49.315020 -33.985839
-125.445720 49.315020 -33.985839 -125.445720 49.565020 -39.432477 -125.195720 49.565020 -43.374377
-125.445720 49.315020 -33.985839 -125.195720 49.565020 -43.374377 -125.195720 49.315020 -37.248240
-125.195720 49.315020 -37.248240 -125.195720 49.565020 -43.374377 -124.945720 49.565020 -47.579295
-125.195720 49.315020 -37.248240 -124.945720 49.565020 -47.579295 -124.945720 49.315020 -40.677771
-124.945720 49.315020 -40.677771 -124.945720 49.565020 -47.579295 -124.695720 49.565020 -51.654591
-124.945720 49.315020 -40.677771 -124.695720 49.565020 -51.654591 -124.695720 49.315020 -43.939562
-124.695720 49.315020 -43.939562 -124.695720 49.565020 -51.654591 -124.445720 49.565020 -55.302043
-124.695720 49.315020 -43.939562 -124.445720 49.565020 -55.302043 -124.445720 49.315020 -47.259336
-124.445720 49.315020 -47.259336 -124.445720 49.565020 -55.302043 -124.195720 49.565020 -58.374287
-124.445720 49.315020 -47.259336 -124.195720 49.565020 -58.374287 -124.195720 49.315020 -50.356730
-127.445720 49.565020 -12.182823 -127.445720 49.815020 -16.193753 -127.195720 49.815020 -19.943624
-127.445720 49.565020 -12.182823 -127.195720 49.815020 -19.943624 -127.195720 49.565020 -16.027495
-127.195720 49.565020 -16.027495 -127.195720 49.815020 -19.943624 -126.945720 49.815020 -23.390489
-127.195720 49.565020 -16.027495 -126.945720 49.815020 -23.390489 -126.945720 49.565020 -19.727255
-126.945720 49.565020 -19.727255 -126.945720 49.815020 -23.390489 -126.695720 49.815020 -26.656907
-126.945720 49.565020 -19.727255 -126.695720 49.815020 -26.656907 -126.695720 49.565020 -22.918388
-126.695720 49.565020 -22.918388 -126.695720 49.815020 -26.656907 -126.445720 49.815020 -29.815986
-126.695720 49.565020 -22.918388 -126.445720 49.815020 -29.815986 -126.445720 49.565020 -26.072870
-126.445720 49.565020 -26.072870 -126.445720 49.815020 -29.815986 -126.195720 49.815020 -33.130598
-126.445720 49.565020 -26.072870 -126.195720 49.815020 -33.130598 -126.195720 49.565020 -29.128856
-126.195720 49.565020 -29.128856 -126.195720 49.815020 -33.130598 -125.945720 49.815020 -36.699004
-126.195720 49.565020 -29.128856 -125.945720 49.815020 -36.699004 -125.945720 49.565020 -32.377227
-125.945720 49.565020 -32.377227 -125.945720 49.815020 -36.699004 -125.695720 49.815020 -40.713158
-125.945720 49.565020 -32.377227 -125.695720 49.815020 -40.713158 -125.695720 49.565020 -35.703846
-125.695720 49.565020 -35.703846 -125.695720 49.815020 -40.713158 -125.445720 49.815020 -45.021168
-125.695720 49.565020 -35.703846 -125.445720 49.815020 -45.021168 -125.445720 49.565020 -39.432477
-125.445720 49.565020 -39.432477 -125.445720 49.815020 -45.021168 -125.195720 49.815020 -49.701766
-125.445720 49.565020 -39.432477 -125.195720 49.815020 -49.701766 -125.195720 49.565020 -43.374377
-125.195720 49.565020 -43.374377 -125.195720 49.815020 -49.701766 -124.945720 49.815020 -54.326854
-125.195720 49.565020 -43.374377 -124.945720 49.815020 -54.326854 -124.945720 49.565020 -47.579295
-124.945720 49.565020 -47.579295 -124.945720 49.815020 -54.326854 -124.695720 49.815020 -58.962079
-124.945720 49.565020 -47.579295 -124.695720 49.815020 -58.962079 -124.695720 49.565020 -51.654591
-127.695720 49.815020 -12.048596 -127.695720 50.065020 -15.798728 -127.445720 50.065020 -19.629491
-127.695720 49.815020 -12.048596 -127.445720 50.065020 -19.629491 -127.445720 49.815020 -16.193753
-127.445720 49.815020 -16.193753 -127.445720 50.065020 -19.629491 -127.195720 50.065020 -23.383160
-127.445720 49.815020 -16.193753 -127.195720 50.065020 -23.383160 -127.195720 49.815020 -19.943624
-127.195720 49.815020 -19.943624 -127.195720 50.065020 -23.383160 -126.945720 50.065020 -26.797058
-127.195720 49.815020 -19.943624 -126.945720 50.065020 -26.797058 -126.945720 49.815020 -23.390489
-126.945720 49.815020 -23.390489 -126.945720 50.065020 -26.797058 -126.695720 50.065020 -30.045675
-126.945720 49.815020 -23.390489 -126.695720 50.065020 -30.045675 -126.695720 49.815020 -26.656907
-126.695720 49.815020 -26.656907 -126.695720 50.065020 -30.045675 -126.445720 50.065020 -33.245748
-126.695720 49.815020 -26.656907 -126.445720 50.065020 -33.245748 -126.445720 49.815020 -29.815986
-126.445720 49.815020 -29.815986 -126.445720 50.065020 -33.245748 -126.195720 50.065020 -36.727882
-126.445720 49.815020 -29.815986 -126.195720 50.065020 -36.727882 -126.195720 49.815020 -33.130598
-126.195720 49.815020 -33.130598 -126.195720 50.065020 -36.727882 -125.945720 50.065020 -40.595628
-126.195720 49.815020 -33.130598 -125.945720 50.065020 -40.595628 -125.945720 49.815020 -36.699004
-125.945720 49.815020 -36.699004 -125.945720 50.065020 -40.595628 -125.695720 50.065020 -44.739746
-125.945720 49.815020 -36.699004 -125.695720 50.065020 -44.739746 -125.695720 49.815020 -40.713158
-125.695720 49.815020 -40.713158 -125.695720 50.065020 -44.739746 -125.445720 50.065020 -50.069719
-125.695720 49.815020 -40.713158 -125.445720 50.065020 -50.069719 -125.445720 49.815020 -45.021168
-125.445720 49.815020 -45.021168 -125.445720 50.065020 -50.069719 -125.195720 50.065020 -55.130719
-125.445720 49.815020 -45.021168 -125.195720 50.065020 -55.130719 -125.195720 49.815020 -49.701766
-127.195720 50.065020 -23.383160 -127.195720 50.315020 -26.619363 -126.945720 50.315020 -29.935544
-127.195720 50.065020 -23.383160 -126.945720 50.315020 -29.935544 -126.945720 50.065020 -26.797058
-126.945720 50.065020 -26.797058 -126.945720 50.315020 -29.935544 -126.695720 50.315020 -33.063877
-126.945720 50.065020 -26.797058 -126.695720 50.315020 -33.063877 -126.695720 50.065020 -30.045675
-126.695720 50.065020 -30.045675 -126.695720 50.315020 -33.063877 -126.445720 50.315020 -36.402277
-126.695720 50.065020 -30.045675 -126.445720 50.315020 -36.402277 -126.445720 50.065020 -33.245748
-126.445720 50.065020 -33.245748 -126.445720 50.315020 -36.402277 -126.195720 50.315020 -40.076446
-126.445720 50.065020 -33.245748 -126.195720 50.315020 -40.076446 -126.195720 50.065020 -36.727882
-126.195720 50.065020 -36.727882 -126.195720 50.315020 -40.076446 -125.945720 50.315020 -44.236025
-126.195720 50.065020 -36.727882 -125.945720 50.315020 -44.236025 -125.945720 50.065020 -40.595628
-125.945720 50.065020 -40.595628 -125.945720 50.315020 -44.236025 -125.695720 50.315020 -49.333562
-125.945720 50.065020 -40.595628 -125.695720 50.315020 -49.333562 -125.695720 50.065020 -44.739746
-125.695720 50.065020 -44.739746 -125.695720 50.315020 -49.333562 -125.445720 50.315020 -54.606839
-125.695720 50.065020 -44.739746 -125.445720 50.315020 -54.606839 -125.445720 50.065020 -50.069719
-126.695720 50.315020 -33.063877 -126.695720 50.565020 -36.042401 -126.445720 50.565020 -39.616440
-126.695720 50.315020 -33.063877 -126.445720 50.565020 -39.616440 -126.445720 50.315020 -36.402277
-126.445720 50.315020 -36.402277 -126.445720 50.565020 -39.616440 -126.195720 50.565020 -43.639559
-126.445720 50.315020 -36.402277 -126.195720 50.565020 -43.639559 -126.195720 50.315020 -40.076446
-126.195720 50.315020 -40.076446 -126.195720 50.565020 -43.639559 -125.945720 50.565020 -48.384792
-126.195720 50.315020 -40.076446 -125.945720 50.565020 -48.384792 -125.945720 50.315020 -44.236025
-125.945720 50.315020 -44.236025 -125.945720 50.565020 -48.384792 -125.695720 50.565020 -53.607384
-125.945720 50.315020 -44.236025 -125.695720 50.565020 -53.607384 -125.695720 50.315020 -49.333562
-125.695720 50.315020 -49.333562 -125.695720 50.565020 -53.607384 -125.445720 50.565020 -59.273985
-125.695720 50.315020 -49.333562 -125.445720 50.565020 -59.273985 -125.445720 50.315020 -54.606839
-126.195720 50.565020 -43.639559 -126.195720 50.815020 -47.307567 -125.945720 50.815020 -52.360466
-126.195720 50.565020 -43.639559 -125.945720 50.815020 -52.360466 -125.945720 50.565020 -48.384792
-125.945720 50.565020 -48.384792 -125.945720 50.815020 -52.360466 -125.695720 50.815020 -58.157366
-125.945720 50.565020 -48.384792 -125.695720 50.815020 -58.157366 -125.695720 50.565020 -53.607384
