# triangular interface mesh from cas_slab2_dep_02.24.18.grd
# source: Slab2 (Hayes et al. 2018)
# spacing 0.25 deg, depth band [10.0, 60.0] km
# FALLBACK GEOMETRY: does not reproduce Gualandi's inversion
# columns: lon1 lat1 h1 lon2 lat2 h2 lon3 lat3 h3 (deg, deg, km with h negative below sea level)
-123.000000 39.750000 -46.949280 -123.000000 40.000000 -44.338287 -122.750000 40.000000 -51.064209
-123.000000 39.750000 -46.949280 -122.750000 40.000000 -51.064209 -122.750000 39.750000 -53.767994
-123.750000 40.000000 -26.231808 -123.750000 40.250000 -24.509357 -123.500000 40.250000 -29.729342
-123.750000 40.000000 -26.231808 -123.500000 40.250000 -29.729342 -123.500000 40.000000 -31.501455
-123.500000 40.000000 -31.501455 -123.500000 40.250000 -29.729342 -123.250000 40.250000 -35.769749
-123.500000 40.000000 -31.501455 -123.250000 40.250000 -35.769749 -123.250000 40.000000 -37.676556
-123.250000 40.000000 -37.676556 -123.250000 40.250000 -35.769749 -123.000000 40.250000 -42.365807
-123.250000 40.000000 -37.676556 -123.000000 40.250000 -42.365807 -123.000000 40.000000 -44.338287
-123.000000 40.000000 -44.338287 -123.000000 40.250000 -42.365807 -122.750000 40.250000 -49.281773
-123.000000 40.000000 -44.338287 -122.750000 40.250000 -49.281773 -122.750000 40.000000 -51.064209
-122.750000 40.000000 -51.064209 -122.750000 40.250000 -49.281773 -122.500000 40.250000 -56.823254
-122.750000 40.000000 -51.064209 -122.500000 40.250000 -56.823254 -122.500000 40.000000 -58.120270
-124.250000 40.250000 -16.696676 -124.250000 40.500000 -15.488993 -124.000000 40.500000 -18.894026
-124.250000 40.250000 -16.696676 -124.000000 40.500000 -18.894026 -124.000000 40.250000 -20.243113
-124.000000 40.250000 -20.243113 -124.000000 40.500000 -18.894026 -123.750000 40.500000 -23.231365
-124.000000 40.250000 -20.243113 -123.750000 40.500000 -23.231365 -123.750000 40.250000 -24.509357
-123.750000 40.250000 -24.509357 -123.750000 40.500000 -23.231365 -123.500000 40.500000 -28.644012
-123.750000 40.250000 -24.509357 -123.500000 40.500000 -28.644012 -123.500000 40.250000 -29.729342
-123.500000 40.250000 -29.729342 -123.500000 40.500000 -28.644012 -123.250000 40.500000 -34.895081
-123.500000 40.250000 -29.729342 -123.250000 40.500000 -34.895081 -123.250000 40.250000 -35.769749
-123.250000 40.250000 -35.769749 -123.250000 40.500000 -34.895081 -123.000000 40.500000 -41.772675
-123.250000 40.250000 -35.769749 -123.000000 40.500000 -41.772675 -123.000000 40.250000 -42.365807
-123.000000 40.250000 -42.365807 -123.000000 40.500000 -41.772675 -122.750000 40.500000 -49.178902
-123.000000 40.250000 -42.365807 -122.750000 40.500000 -49.178902 -122.750000 40.250000 -49.281773
-122.750000 40.250000 -49.281773 -122.750000 40.500000 -49.178902 -122.500000 40.500000 -57.479439
-122.750000 40.250000 -49.281773 -122.500000 40.500000 -57.479439 -122.500000 40.250000 -56.823254
-124.500000 40.500000 -12.427036 -124.500000 40.750000 -12.153413 -124.250000 40.750000 -15.152940
-124.500000 40.500000 -12.427036 -124.250000 40.750000 -15.152940 -124.250000 40.500000 -15.488993
-124.250000 40.500000 -15.488993 -124.250000 40.750000 -15.152940 -124.000000 40.750000 -18.636341
-124.250000 40.500000 -15.488993 -124.000000 40.750000 -18.636341 -124.000000 40.500000 -18.894026
-124.000000 40.500000 -18.894026 -124.000000 40.750000 -18.636341 -123.750000 40.750000 -23.165024
-124.000000 40.500000 -18.894026 -123.750000 40.750000 -23.165024 -123.750000 40.500000 -23.231365
-123.750000 40.500000 -23.231365 -123.750000 40.750000 -23.165024 -123.500000 40.750000 -28.882267
-123.750000 40.500000 -23.231365 -123.500000 40.750000 -28.882267 -123.500000 40.500000 -28.644012
-123.500000 40.500000 -28.644012 -123.500000 40.750000 -28.882267 -123.250000 40.750000 -35.573936
-123.500000 40.500000 -28.644012 -123.250000 40.750000 -35.573936 -123.250000 40.500000 -34.895081
-123.250000 40.500000 -34.895081 -123.250000 40.750000 -35.573936 -123.000000 40.750000 -43.067711
-123.250000 40.500000 -34.895081 -123.000000 40.750000 -43.067711 -123.000000 40.500000 -41.772675
-123.000000 40.500000 -41.772675 -123.000000 40.750000 -43.067711 -122.750000 40.750000 -51.335327
-123.000000 40.500000 -41.772675 -122.750000 40.750000 -51.335327 -122.750000 40.500000 -49.178902
-124.500000 40.750000 -12.153413 -124.500000 41.000000 -12.565441 -124.250000 41.000000 -15.806944
-124.500000 40.750000 -12.153413 -124.250000 41.000000 -15.806944 -124.250000 40.750000 -15.152940
-124.250000 40.750000 -15.152940 -124.250000 41.000000 -15.806944 -124.000000 41.000000 -19.570965
-124.250000 40.750000 -15.152940 -124.000000 41.000000 -19.570965 -124.000000 40.750000 -18.636341
-124.000000 40.750000 -18.636341 -124.000000 41.000000 -19.570965 -123.750000 41.000000 -24.401541
-124.000000 40.750000 -18.636341 -123.750000 41.000000 -24.401541 -123.750000 40.750000 -23.165024
-123.750000 40.750000 -23.165024 -123.750000 41.000000 -24.401541 -123.500000 41.000000 -30.580585
-123.750000 40.750000 -23.165024 -123.500000 41.000000 -30.580585 -123.500000 40.750000 -28.882267
-123.500000 40.750000 -28.882267 -123.500000 41.000000 -30.580585 -123.250000 41.000000 -38.036354
-123.500000 40.750000 -28.882267 -123.250000 41.000000 -38.036354 -123.250000 40.750000 -35.573936
-123.250000 40.750000 -35.573936 -123.250000 41.000000 -38.036354 -123.000000 41.000000 -46.577248
-123.250000 40.750000 -35.573936 -123.000000 41.000000 -46.577248 -123.000000 40.750000 -43.067711
-123.000000 40.750000 -43.067711 -123.000000 41.000000 -46.577248 -122.750000 41.000000 -56.075321
-123.000000 40.750000 -43.067711 -122.750000 41.000000 -56.075321 -122.750000 40.750000 -51.335327
-124.500000 41.000000 -12.565441 -124.500000 41.250000 -13.262774 -124.250000 41.250000 -16.917513
-124.500000 41.000000 -12.565441 -124.250000 41.250000 -16.917513 -124.250000 41.000000 -15.806944
-124.250000 41.000000 -15.806944 -124.250000 41.250000 -16.917513 -124.000000 41.250000 -21.076170
-124.250000 41.000000 -15.806944 -124.000000 41.250000 -21.076170 -124.000000 41.000000 -19.570965
-124.000000 41.000000 -19.570965 -124.000000 41.250000 -21.076170 -123.750000 41.250000 -26.360495
-124.000000 41.000000 -19.570965 -123.750000 41.250000 -26.360495 -123.750000 41.000000 -24.401541
-123.750000 41.000000 -24.401541 -123.750000 41.250000 -26.360495 -123.500000 41.250000 -33.345104
-123.750000 41.000000 -24.401541 -123.500000 41.250000 -33.345104 -123.500000 41.000000 -30.580585
-123.500000 41.000000 -30.580585 -123.500000 41.250000 -33.345104 -123.250000 41.250000 -42.109821
-123.500000 41.000000 -30.580585 -123.250000 41.250000 -42.109821 -123.250000 41.000000 -38.036354
-123.250000 41.000000 -38.036354 -123.250000 41.250000 -42.109821 -123.000000 41.250000 -52.205193
-123.250000 41.000000 -38.036354 -123.000000 41.250000 -52.205193 -123.000000 41.000000 -46.577248
-124.500000 41.250000 -13.262774 -124.500000 41.500000 -13.647538 -124.250000 41.500000 -17.712278
-124.500000 41.250000 -13.262774 -124.250000 41.500000 -17.712278 -124.250000 41.250000 -16.917513
-124.250000 41.250000 -16.917513 -124.250000 41.500000 -17.712278 -124.000000 41.500000 -22.335363
-124.250000 41.250000 -16.917513 -124.000000 41.500000 -22.335363 -124.000000 41.250000 -21.076170
-124.000000 41.250000 -21.076170 -124.000000 41.500000 -22.335363 -123.750000 41.500000 -28.261463
-124.000000 41.250000 -21.076170 -123.750000 41.500000 -28.261463 -123.750000 41.250000 -26.360495
-123.750000 41.250000 -26.360495 -123.750000 41.500000 -28.261463 -123.500000 41.500000 -36.426525
-123.750000 41.250000 -26.360495 -123.500000 41.500000 -36.426525 -123.500000 41.250000 -33.345104
-123.500000 41.250000 -33.345104 -123.500000 41.500000 -36.426525 -123.250000 41.500000 -46.985565
-123.500000 41.250000 -33.345104 -123.250000 41.500000 -46.985565 -123.250000 41.250000 -42.109821
-123.250000 41.250000 -42.109821 -123.250000 41.500000 -46.985565 -123.000000 41.500000 -58.934013
-123.250000 41.250000 -42.109821 -123.000000 41.500000 -58.934013 -123.000000 41.250000 -52.205193
-124.500000 41.500000 -13.647538 -124.500000 41.750000 -13.604881 -124.250000 41.750000 -17.946917
-124.500000 41.500000 -13.647538 -124.250000 41.750000 -17.946917 -124.250000 41.500000 -17.712278
-124.250000 41.500000 -17.712278 -124.250000 41.750000 -17.946917 -124.000000 41.750000 -23.012941
-124.250000 41.500000 -17.712278 -124.000000 41.750000 -23.012941 -124.000000 41.500000 -22.335363
-124.000000 41.500000 -22.335363 -124.000000 41.750000 -23.012941 -123.750000 41.750000 -29.632215
-124.000000 41.500000 -22.335363 -123.750000 41.750000 -29.632215 -123.750000 41.500000 -28.261463
-123.750000 41.500000 -28.261463 -123.750000 41.750000 -29.632215 -123.500000 41.750000 -39.047276
-123.750000 41.500000 -28.261463 -123.500000 41.750000 -39.047276 -123.500000 41.500000 -36.426525
-123.500000 41.500000 -36.426525 -123.500000 41.750000 -39.047276 -123.250000 41.750000 -51.400852
-123.500000 41.500000 -36.426525 -123.250000 41.750000 -51.400852 -123.250000 41.500000 -46.985565
-124.500000 41.750000 -13.604881 -124.500000 42.000000 -13.516091 -124.250000 42.000000 -17.963596
-124.500000 41.750000 -13.604881 -124.250000 42.000000 -17.963596 -124.250000 41.750000 -17.946917
-124.250000 41.750000 -17.946917 -124.250000 42.000000 -17.963596 -124.000000 42.000000 -23.289444
-124.250000 41.750000 -17.946917 -124.000000 42.000000 -23.289444 -124.000000 41.750000 -23.012941
-124.000000 41.750000 -23.012941 -124.000000 42.000000 -23.289444 -123.750000 42.000000 -30.368385
-124.000000 41.750000 -23.012941 -123.750000 42.000000 -30.368385 -123.750000 41.750000 -29.632215
-123.750000 41.750000 -29.632215 -123.750000 42.000000 -30.368385 -123.500000 42.000000 -40.665520
-123.750000 41.750000 -29.632215 -123.500000 42.000000 -40.665520 -123.500000 41.750000 -39.047276
-123.500000 41.750000 -39.047276 -123.500000 42.000000 -40.665520 -123.250000 42.000000 -54.288456
-123.500000 41.750000 -39.047276 -123.250000 42.000000 -54.288456 -123.250000 41.750000 -51.400852
-124.500000 42.000000 -13.516091 -124.500000 42.250000 -13.653662 -124.250000 42.250000 -18.068003
-124.500000 42.000000 -13.516091 -124.250000 42.250000 -18.068003 -124.250000 42.000000 -17.963596
-124.250000 42.000000 -17.963596 -124.250000 42.250000 -18.068003 -124.000000 42.250000 -23.375008
-124.250000 42.000000 -17.963596 -124.000000 42.250000 -23.375008 -124.000000 42.000000 -23.289444
-124.000000 42.000000 -23.289444 -124.000000 42.250000 -23.375008 -123.750000 42.250000 -30.457018
-124.000000 42.000000 -23.289444 -123.750000 42.250000 -30.457018 -123.750000 42.000000 -30.368385
-123.750000 42.000000 -30.368385 -123.750000 42.250000 -30.457018 -123.500000 42.250000 -40.939896
-123.750000 42.000000 -30.368385 -123.500000 42.250000 -40.939896 -123.500000 42.000000 -40.665520
-123.500000 42.000000 -40.665520 -123.500000 42.250000 -40.939896 -123.250000 42.250000 -55.028645
-123.500000 42.000000 -40.665520 -123.250000 42.250000 -55.028645 -123.250000 42.000000 -54.288456
-124.750000 42.250000 -10.088994 -124.750000 42.500000 -10.470315 -124.500000 42.500000 -13.974370
-124.750000 42.250000 -10.088994 -124.500000 42.500000 -13.974370 -124.500000 42.250000 -13.653662
-124.500000 42.250000 -13.653662 -124.500000 42.500000 -13.974370 -124.250000 42.500000 -18.247324
-124.500000 42.250000 -13.653662 -124.250000 42.500000 -18.247324 -124.250000 42.250000 -18.068003
-124.250000 42.250000 -18.068003 -124.250000 42.500000 -18.247324 -124.000000 42.500000 -23.294561
-124.250000 42.250000 -18.068003 -124.000000 42.500000 -23.294561 -124.000000 42.250000 -23.375008
-124.000000 42.250000 -23.375008 -124.000000 42.500000 -23.294561 -123.750000 42.500000 -29.889626
-124.000000 42.250000 -23.375008 -123.750000 42.500000 -29.889626 -123.750000 42.250000 -30.457018
-123.750000 42.250000 -30.457018 -123.750000 42.500000 -29.889626 -123.500000 42.500000 -39.682354
-123.750000 42.250000 -30.457018 -123.500000 42.500000 -39.682354 -123.500000 42.250000 -40.939896
-123.500000 42.250000 -40.939896 -123.500000 42.500000 -39.682354 -123.250000 42.500000 -53.239128
-123.500000 42.250000 -40.939896 -123.250000 42.500000 -53.239128 -123.250000 42.250000 -55.028645
-124.750000 42.500000 -10.470315 -124.750000 42.750000 -11.019136 -124.500000 42.750000 -14.443469
-124.750000 42.500000 -10.470315 -124.500000 42.750000 -14.443469 -124.500000 42.500000 -13.974370
-124.500000 42.500000 -13.974370 -124.500000 42.750000 -14.443469 -124.250000 42.750000 -18.489351
-124.500000 42.500000 -13.974370 -124.250000 42.750000 -18.489351 -124.250000 42.500000 -18.247324
-124.250000 42.500000 -18.247324 -124.250000 42.750000 -18.489351 -124.000000 42.750000 -23.129082
-124.250000 42.500000 -18.247324 -124.000000 42.750000 -23.129082 -124.000000 42.500000 -23.294561
-124.000000 42.500000 -23.294561 -124.000000 42.750000 -23.129082 -123.750000 42.750000 -28.866158
-124.000000 42.500000 -23.294561 -123.750000 42.750000 -28.866158 -123.750000 42.500000 -29.889626
-123.750000 42.500000 -29.889626 -123.750000 42.750000 -28.866158 -123.500000 42.750000 -37.135387
-123.750000 42.500000 -29.889626 -123.500000 42.750000 -37.135387 -123.500000 42.500000 -39.682354
-123.500000 42.500000 -39.682354 -123.500000 42.750000 -37.135387 -123.250000 42.750000 -49.027882
-123.500000 42.500000 -39.682354 -123.250000 42.750000 -49.027882 -123.250000 42.500000 -53.239128
-124.750000 42.750000 -11.019136 -124.750000 43.000000 -11.837580 -124.500000 43.000000 -15.226760
-124.750000 42.750000 -11.019136 -124.500000 43.000000 -15.226760 -124.500000 42.750000 -14.443469
-124.500000 42.750000 -14.443469 -124.500000 43.000000 -15.226760 -124.250000 43.000000 -19.026176
-124.500000 42.750000 -14.443469 -124.250000 43.000000 -19.026176 -124.250000 42.750000 -18.489351
-124.250000 42.750000 -18.489351 -124.250000 43.000000 -19.026176 -124.000000 43.000000 -23.184458
-124.250000 42.750000 -18.489351 -124.000000 43.000000 -23.184458 -124.000000 42.750000 -23.129082
-124.000000 42.750000 -23.129082 -124.000000 43.000000 -23.184458 -123.750000 43.000000 -27.901917
-124.000000 42.750000 -23.129082 -123.750000 43.000000 -27.901917 -123.750000 42.750000 -28.866158
-123.750000 42.750000 -28.866158 -123.750000 43.000000 -27.901917 -123.500000 43.000000 -34.244633
-123.750000 42.750000 -28.866158 -123.500000 43.000000 -34.244633 -123.500000 42.750000 -37.135387
-123.500000 42.750000 -37.135387 -123.500000 43.000000 -34.244633 -123.250000 43.000000 -43.676865
-123.500000 42.750000 -37.135387 -123.250000 43.000000 -43.676865 -123.250000 42.750000 -49.027882
-124.750000 43.000000 -11.837580 -124.750000 43.250000 -12.843184 -124.500000 43.250000 -16.342089
-124.750000 43.000000 -11.837580 -124.500000 43.250000 -16.342089 -124.500000 43.000000 -15.226760
-124.500000 43.000000 -15.226760 -124.500000 43.250000 -16.342089 -124.250000 43.250000 -19.992403
-124.500000 43.000000 -15.226760 -124.250000 43.250000 -19.992403 -124.250000 43.000000 -19.026176
-124.250000 43.000000 -19.026176 -124.250000 43.250000 -19.992403 -124.000000 43.250000 -23.724762
-124.250000 43.000000 -19.026176 -124.000000 43.250000 -23.724762 -124.000000 43.000000 -23.184458
-124.000000 43.000000 -23.184458 -124.000000 43.250000 -23.724762 -123.750000 43.250000 -27.591642
-124.000000 43.000000 -23.184458 -123.750000 43.250000 -27.591642 -123.750000 43.000000 -27.901917
-123.750000 43.000000 -27.901917 -123.750000 43.250000 -27.591642 -123.500000 43.250000 -32.340359
-123.750000 43.000000 -27.901917 -123.500000 43.250000 -32.340359 -123.500000 43.000000 -34.244633
-123.500000 43.000000 -34.244633 -123.500000 43.250000 -32.340359 -123.250000 43.250000 -39.408707
-123.500000 43.000000 -34.244633 -123.250000 43.250000 -39.408707 -123.250000 43.000000 -43.676865
-123.250000 43.000000 -43.676865 -123.250000 43.250000 -39.408707 -123.000000 43.250000 -49.358936
-123.250000 43.000000 -43.676865 -123.000000 43.250000 -49.358936 -123.000000 43.000000 -56.114922
-124.750000 43.250000 -12.843184 -124.750000 43.500000 -13.545519 -124.500000 43.500000 -17.258982
-124.750000 43.250000 -12.843184 -124.500000 43.500000 -17.258982 -124.500000 43.250000 -16.342089
-124.500000 43.250000 -16.342089 -124.500000 43.500000 -17.258982 -124.250000 43.500000 -20.975290
-124.500000 43.250000 -16.342089 -124.250000 43.500000 -20.975290 -124.250000 43.250000 -19.992403
-124.250000 43.250000 -19.992403 -124.250000 43.500000 -20.975290 -124.000000 43.500000 -24.597345
-124.250000 43.250000 -19.992403 -124.000000 43.500000 -24.597345 -124.000000 43.250000 -23.724762
-124.000000 43.250000 -23.724762 -124.000000 43.500000 -24.597345 -123.750000 43.500000 -28.162231
-124.000000 43.250000 -23.724762 -123.750000 43.500000 -28.162231 -123.750000 43.250000 -27.591642
-123.750000 43.250000 -27.591642 -123.750000 43.500000 -28.162231 -123.500000 43.500000 -32.176777
-123.750000 43.250000 -27.591642 -123.500000 43.500000 -32.176777 -123.500000 43.250000 -32.340359
-123.500000 43.250000 -32.340359 -123.500000 43.500000 -32.176777 -123.250000 43.500000 -37.689999
-123.500000 43.250000 -32.340359 -123.250000 43.500000 -37.689999 -123.250000 43.250000 -39.408707
-123.250000 43.250000 -39.408707 -123.250000 43.500000 -37.689999 -123.000000 43.500000 -45.327892
-123.250000 43.250000 -39.408707 -123.000000 43.500000 -45.327892 -123.000000 43.250000 -49.358936
-125.000000 43.500000 -10.093589 -125.000000 43.750000 -10.057293 -124.750000 43.750000 -13.509932
-125.000000 43.500000 -10.093589 -124.750000 43.750000 -13.509932 -124.750000 43.500000 -13.545519
-124.750000 43.500000 -13.545519 -124.750000 43.750000 -13.509932 -124.500000 43.750000 -17.385677
-124.750000 43.500000 -13.545519 -124.500000 43.750000 -17.385677 -124.500000 43.500000 -17.258982
-124.500000 43.500000 -17.258982 -124.500000 43.750000 -17.385677 -124.250000 43.750000 -21.391518
-124.500000 43.500000 -17.258982 -124.250000 43.750000 -21.391518 -124.250000 43.500000 -20.975290
-124.250000 43.500000 -20.975290 -124.250000 43.750000 -21.391518 -124.000000 43.750000 -25.365082
-124.250000 43.500000 -20.975290 -124.000000 43.750000 -25.365082 -124.000000 43.500000 -24.597345
-124.000000 43.500000 -24.597345 -124.000000 43.750000 -25.365082 -123.750000 43.750000 -29.254604
-124.000000 43.500000 -24.597345 -123.750000 43.750000 -29.254604 -123.750000 43.500000 -28.162231
-123.750000 43.500000 -28.162231 -123.750000 43.750000 -29.254604 -123.500000 43.750000 -33.273087
-123.750000 43.500000 -28.162231 -123.500000 43.750000 -33.273087 -123.500000 43.500000 -32.176777
-123.500000 43.500000 -32.176777 -123.500000 43.750000 -33.273087 -123.250000 43.750000 -37.978992
-123.500000 43.500000 -32.176777 -123.250000 43.750000 -37.978992 -123.250000 43.500000 -37.689999
-123.250000 43.500000 -37.689999 -123.250000 43.750000 -37.978992 -123.000000 43.750000 -43.864464
-123.250000 43.500000 -37.689999 -123.000000 43.750000 -43.864464 -123.000000 43.500000 -45.327892
-123.000000 43.500000 -45.327892 -123.000000 43.750000 -43.864464 -122.750000 43.750000 -51.393955
-123.000000 43.500000 -45.327892 -122.750000 43.750000 -51.393955 -122.750000 43.500000 -54.862080
-124.750000 43.750000 -13.509932 -124.750000 44.000000 -12.984908 -124.500000 44.000000 -16.909132
-124.750000 43.750000 -13.509932 -124.500000 44.000000 -16.909132 -124.500000 43.750000 -17.385677
-124.500000 43.750000 -17.385677 -124.500000 44.000000 -16.909132 -124.250000 44.000000 -21.263231
-124.500000 43.750000 -17.385677 -124.250000 44.000000 -21.263231 -124.250000 43.750000 -21.391518
-124.250000 43.750000 -21.391518 -124.250000 44.000000 -21.263231 -124.000000 44.000000 -25.789877
-124.250000 43.750000 -21.391518 -124.000000 44.000000 -25.789877 -124.000000 43.750000 -25.365082
-124.000000 43.750000 -25.365082 -124.000000 44.000000 -25.789877 -123.750000 44.000000 -30.223394
-124.000000 43.750000 -25.365082 -123.750000 44.000000 -30.223394 -123.750000 43.750000 -29.254604
-123.750000 43.750000 -29.254604 -123.750000 44.000000 -30.223394 -123.500000 44.000000 -34.428513
-123.750000 43.750000 -29.254604 -123.500000 44.000000 -34.428513 -123.500000 43.750000 -33.273087
-123.500000 43.750000 -33.273087 -123.500000 44.000000 -34.428513 -123.250000 44.000000 -38.600323
-123.500000 43.750000 -33.273087 -123.250000 44.000000 -38.600323 -123.250000 43.750000 -37.978992
-123.250000 43.750000 -37.978992 -123.250000 44.000000 -38.600323 -123.000000 44.000000 -43.222912
-123.250000 43.750000 -37.978992 -123.000000 44.000000 -43.222912 -123.000000 43.750000 -43.864464
-123.000000 43.750000 -43.864464 -123.000000 44.000000 -43.222912 -122.750000 44.000000 -49.219444
-123.000000 43.750000 -43.864464 -122.750000 44.000000 -49.219444 -122.750000 43.750000 -51.393955
-124.750000 44.000000 -12.984908 -124.750000 44.250000 -12.608403 -124.500000 44.250000 -16.546654
-124.750000 44.000000 -12.984908 -124.500000 44.250000 -16.546654 -124.500000 44.000000 -16.909132
-124.500000 44.000000 -16.909132 -124.500000 44.250000 -16.546654 -124.250000 44.250000 -21.097555
-124.500000 44.000000 -16.909132 -124.250000 44.250000 -21.097555 -124.250000 44.000000 -21.263231
-124.250000 44.000000 -21.263231 -124.250000 44.250000 -21.097555 -124.000000 44.250000 -25.929640
-124.250000 44.000000 -21.263231 -124.000000 44.250000 -25.929640 -124.000000 44.000000 -25.789877
-124.000000 44.000000 -25.789877 -124.000000 44.250000 -25.929640 -123.750000 44.250000 -30.613417
-124.000000 44.000000 -25.789877 -123.750000 44.250000 -30.613417 -123.750000 44.000000 -30.223394
-123.750000 44.000000 -30.223394 -123.750000 44.250000 -30.613417 -123.500000 44.250000 -34.760059
-123.750000 44.000000 -30.223394 -123.500000 44.250000 -34.760059 -123.500000 44.000000 -34.428513
-123.500000 44.000000 -34.428513 -123.500000 44.250000 -34.760059 -123.250000 44.250000 -38.350277
-123.500000 44.000000 -34.428513 -123.250000 44.250000 -38.350277 -123.250000 44.000000 -38.600323
-123.250000 44.000000 -38.600323 -123.250000 44.250000 -38.350277 -123.000000 44.250000 -41.967716
-123.250000 44.000000 -38.600323 -123.000000 44.250000 -41.967716 -123.000000 44.000000 -43.222912
-123.000000 44.000000 -43.222912 -123.000000 44.250000 -41.967716 -122.750000 44.250000 -46.862263
-123.000000 44.000000 -43.222912 -122.750000 44.250000 -46.862263 -122.750000 44.000000 -49.219444
-122.750000 44.000000 -49.219444 -122.750000 44.250000 -46.862263 -122.500000 44.250000 -54.830803
-122.750000 44.000000 -49.219444 -122.500000 44.250000 -54.830803 -122.500000 44.000000 -58.130013
-124.750000 44.250000 -12.608403 -124.750000 44.500000 -12.708459 -124.500000 44.500000 -16.709082
-124.750000 44.250000 -12.608403 -124.500000 44.500000 -16.709082 -124.500000 44.250000 -16.546654
-124.500000 44.250000 -16.546654 -124.500000 44.500000 -16.709082 -124.250000 44.500000 -21.244240
-124.500000 44.250000 -16.546654 -124.250000 44.500000 -21.244240 -124.250000 44.250000 -21.097555
-124.250000 44.250000 -21.097555 -124.250000 44.500000 -21.244240 -124.000000 44.500000 -25.960155
-124.250000 44.250000 -21.097555 -124.000000 44.500000 -25.960155 -124.000000 44.250000 -25.929640
-124.000000 44.250000 -25.929640 -124.000000 44.500000 -25.960155 -123.750000 44.500000 -30.443947
-124.000000 44.250000 -25.929640 -123.750000 44.500000 -30.443947 -123.750000 44.250000 -30.613417
-123.750000 44.250000 -30.613417 -123.750000 44.500000 -30.443947 -123.500000 44.500000 -34.227962
-123.750000 44.250000 -30.613417 -123.500000 44.500000 -34.227962 -123.500000 44.250000 -34.760059
-123.500000 44.250000 -34.760059 -123.500000 44.500000 -34.227962 -123.250000 44.500000 -37.129230
-123.500000 44.250000 -34.760059 -123.250000 44.500000 -37.129230 -123.250000 44.250000 -38.350277
-123.250000 44.250000 -38.350277 -123.250000 44.500000 -37.129230 -123.000000 44.500000 -39.813732
-123.250000 44.250000 -38.350277 -123.000000 44.500000 -39.813732 -123.000000 44.250000 -41.967716
-123.000000 44.250000 -41.967716 -123.000000 44.500000 -39.813732 -122.750000 44.500000 -43.890648
-123.000000 44.250000 -41.967716 -122.750000 44.500000 -43.890648 -122.750000 44.250000 -46.862263
-122.750000 44.250000 -46.862263 -122.750000 44.500000 -43.890648 -122.500000 44.500000 -51.429173
-122.750000 44.250000 -46.862263 -122.500000 44.500000 -51.429173 -122.500000 44.250000 -54.830803
-124.750000 44.500000 -12.708459 -124.750000 44.750000 -13.151225 -124.500000 44.750000 -17.275513
-124.750000 44.500000 -12.708459 -124.500000 44.750000 -17.275513 -124.500000 44.500000 -16.709082
-124.500000 44.500000 -16.709082 -124.500000 44.750000 -17.275513 -124.250000 44.750000 -21.695093
-124.500000 44.500000 -16.709082 -124.250000 44.750000 -21.695093 -124.250000 44.500000 -21.244240
-124.250000 44.500000 -21.244240 -124.250000 44.750000 -21.695093 -124.000000 44.750000 -26.070084
-124.250000 44.500000 -21.244240 -124.000000 44.750000 -26.070084 -124.000000 44.500000 -25.960155
-124.000000 44.500000 -25.960155 -124.000000 44.750000 -26.070084 -123.750000 44.750000 -30.129524
-124.000000 44.500000 -25.960155 -123.750000 44.750000 -30.129524 -123.750000 44.500000 -30.443947
-123.750000 44.500000 -30.443947 -123.750000 44.750000 -30.129524 -123.500000 44.750000 -33.451519
-123.750000 44.500000 -30.443947 -123.500000 44.750000 -33.451519 -123.500000 44.500000 -34.227962
-123.500000 44.500000 -34.227962 -123.500000 44.750000 -33.451519 -123.250000 44.750000 -35.691288
-123.500000 44.500000 -34.227962 -123.250000 44.750000 -35.691288 -123.250000 44.500000 -37.129230
-123.250000 44.500000 -37.129230 -123.250000 44.750000 -35.691288 -123.000000 44.750000 -37.520222
-123.250000 44.500000 -37.129230 -123.000000 44.750000 -37.520222 -123.000000 44.500000 -39.813732
-123.000000 44.500000 -39.813732 -123.000000 44.750000 -37.520222 -122.750000 44.750000 -40.978828
-123.000000 44.500000 -39.813732 -122.750000 44.750000 -40.978828 -122.750000 44.500000 -43.890648
-122.750000 44.500000 -43.890648 -122.750000 44.750000 -40.978828 -122.500000 44.750000 -48.555138
-122.750000 44.500000 -43.890648 -122.500000 44.750000 -48.555138 -122.500000 44.500000 -51.429173
-124.750000 44.750000 -13.151225 -124.750000 45.000000 -13.570871 -124.500000 45.000000 -17.836229
-124.750000 44.750000 -13.151225 -124.500000 45.000000 -17.836229 -124.500000 44.750000 -17.275513
-124.500000 44.750000 -17.275513 -124.500000 45.000000 -17.836229 -124.250000 45.000000 -22.185711
-124.500000 44.750000 -17.275513 -124.250000 45.000000 -22.185711 -124.250000 44.750000 -21.695093
-124.250000 44.750000 -21.695093 -124.250000 45.000000 -22.185711 -124.000000 45.000000 -26.289400
-124.250000 44.750000 -21.695093 -124.000000 45.000000 -26.289400 -124.000000 44.750000 -26.070084
-124.000000 44.750000 -26.070084 -124.000000 45.000000 -26.289400 -123.750000 45.000000 -30.016071
-124.000000 44.750000 -26.070084 -123.750000 45.000000 -30.016071 -123.750000 44.750000 -30.129524
-123.750000 44.750000 -30.129524 -123.750000 45.000000 -30.016071 -123.500000 45.000000 -33.033310
-123.750000 44.750000 -30.129524 -123.500000 45.000000 -33.033310 -123.500000 44.750000 -33.451519
-123.500000 44.750000 -33.451519 -123.500000 45.000000 -33.033310 -123.250000 45.000000 -34.858437
-123.500000 44.750000 -33.451519 -123.250000 45.000000 -34.858437 -123.250000 44.750000 -35.691288
-123.250000 44.750000 -35.691288 -123.250000 45.000000 -34.858437 -123.000000 45.000000 -36.072327
-123.250000 44.750000 -35.691288 -123.000000 45.000000 -36.072327 -123.000000 44.750000 -37.520222
-123.000000 44.750000 -37.520222 -123.000000 45.000000 -36.072327 -122.750000 45.000000 -39.077953
-123.000000 44.750000 -37.520222 -122.750000 45.000000 -39.077953 -122.750000 44.750000 -40.978828
-122.750000 44.750000 -40.978828 -122.750000 45.000000 -39.077953 -122.500000 45.000000 -46.846546
-122.750000 44.750000 -40.978828 -122.500000 45.000000 -46.846546 -122.500000 44.750000 -48.555138
-124.750000 45.000000 -13.570871 -124.750000 45.250000 -13.644791 -124.500000 45.250000 -17.990622
-124.750000 45.000000 -13.570871 -124.500000 45.250000 -17.990622 -124.500000 45.000000 -17.836229
-124.500000 45.000000 -17.836229 -124.500000 45.250000 -17.990622 -124.250000 45.250000 -22.359474
-124.500000 45.000000 -17.836229 -124.250000 45.250000 -22.359474 -124.250000 45.000000 -22.185711
-124.250000 45.000000 -22.185711 -124.250000 45.250000 -22.359474 -124.000000 45.250000 -26.393019
-124.250000 45.000000 -22.185711 -124.000000 45.250000 -26.393019 -124.000000 45.000000 -26.289400
-124.000000 45.000000 -26.289400 -124.000000 45.250000 -26.393019 -123.750000 45.250000 -30.023453
-124.000000 45.000000 -26.289400 -123.750000 45.250000 -30.023453 -123.750000 45.000000 -30.016071
-123.750000 45.000000 -30.016071 -123.750000 45.250000 -30.023453 -123.500000 45.250000 -33.006691
-123.750000 45.000000 -30.016071 -123.500000 45.250000 -33.006691 -123.500000 45.000000 -33.033310
-123.500000 45.000000 -33.033310 -123.500000 45.250000 -33.006691 -123.250000 45.250000 -34.779984
-123.500000 45.000000 -33.033310 -123.250000 45.250000 -34.779984 -123.250000 45.000000 -34.858437
-123.250000 45.000000 -34.858437 -123.250000 45.250000 -34.779984 -123.000000 45.250000 -35.764500
-123.250000 45.000000 -34.858437 -123.000000 45.250000 -35.764500 -123.000000 45.000000 -36.072327
-123.000000 45.000000 -36.072327 -123.000000 45.250000 -35.764500 -122.750000 45.250000 -38.543724
-123.000000 45.000000 -36.072327 -122.750000 45.250000 -38.543724 -122.750000 45.000000 -39.077953
-122.750000 45.000000 -39.077953 -122.750000 45.250000 -38.543724 -122.500000 45.250000 -46.495796
-122.750000 45.000000 -39.077953 -122.500000 45.250000 -46.495796 -122.500000 45.000000 -46.846546
-124.750000 45.250000 -13.644791 -124.750000 45.500000 -13.307722 -124.500000 45.500000 -17.586178
-124.750000 45.250000 -13.644791 -124.500000 45.500000 -17.586178 -124.500000 45.250000 -17.990622
-124.500000 45.250000 -17.990622 -124.500000 45.500000 -17.586178 -124.250000 45.500000 -21.985737
-124.500000 45.250000 -17.990622 -124.250000 45.500000 -21.985737 -124.250000 45.250000 -22.359474
-124.250000 45.250000 -22.359474 -124.250000 45.500000 -21.985737 -124.000000 45.500000 -26.088161
-124.250000 45.250000 -22.359474 -124.000000 45.500000 -26.088161 -124.000000 45.250000 -26.393019
-124.000000 45.250000 -26.393019 -124.000000 45.500000 -26.088161 -123.750000 45.500000 -29.810780
-124.000000 45.250000 -26.393019 -123.750000 45.500000 -29.810780 -123.750000 45.250000 -30.023453
-123.750000 45.250000 -30.023453 -123.750000 45.500000 -29.810780 -123.500000 45.500000 -32.977566
-123.750000 45.250000 -30.023453 -123.500000 45.500000 -32.977566 -123.500000 45.250000 -33.006691
-123.500000 45.250000 -33.006691 -123.500000 45.500000 -32.977566 -123.250000 45.500000 -35.021984
-123.500000 45.250000 -33.006691 -123.250000 45.500000 -35.021984 -123.250000 45.250000 -34.779984
-123.250000 45.250000 -34.779984 -123.250000 45.500000 -35.021984 -123.000000 45.500000 -36.214176
-123.250000 45.250000 -34.779984 -123.000000 45.500000 -36.214176 -123.000000 45.250000 -35.764500
-123.000000 45.250000 -35.764500 -123.000000 45.500000 -36.214176 -122.750000 45.500000 -39.123589
-123.000000 45.250000 -35.764500 -122.750000 45.500000 -39.123589 -122.750000 45.250000 -38.543724
-122.750000 45.250000 -38.543724 -122.750000 45.500000 -39.123589 -122.500000 45.500000 -47.293377
-122.750000 45.250000 -38.543724 -122.500000 45.500000 -47.293377 -122.500000 45.250000 -46.495796
-124.750000 45.500000 -13.307722 -124.750000 45.750000 -12.782330 -124.500000 45.750000 -16.815483
-124.750000 45.500000 -13.307722 -124.500000 45.750000 -16.815483 -124.500000 45.500000 -17.586178
-124.500000 45.500000 -17.586178 -124.500000 45.750000 -16.815483 -124.250000 45.750000 -21.155579
-124.500000 45.500000 -17.586178 -124.250000 45.750000 -21.155579 -124.250000 45.500000 -21.985737
-124.250000 45.500000 -21.985737 -124.250000 45.750000 -21.155579 -124.000000 45.750000 -25.338421
-124.250000 45.500000 -21.985737 -124.000000 45.750000 -25.338421 -124.000000 45.500000 -26.088161
-124.000000 45.500000 -26.088161 -124.000000 45.750000 -25.338421 -123.750000 45.750000 -29.223372
-124.000000 45.500000 -26.088161 -123.750000 45.750000 -29.223372 -123.750000 45.500000 -29.810780
-123.750000 45.500000 -29.810780 -123.750000 45.750000 -29.223372 -123.500000 45.750000 -32.677010
-123.750000 45.500000 -29.810780 -123.500000 45.750000 -32.677010 -123.500000 45.500000 -32.977566
-123.500000 45.500000 -32.977566 -123.500000 45.750000 -32.677010 -123.250000 45.750000 -35.211288
-123.500000 45.500000 -32.977566 -123.250000 45.750000 -35.211288 -123.250000 45.500000 -35.021984
-123.250000 45.500000 -35.021984 -123.250000 45.750000 -35.211288 -123.000000 45.750000 -37.005424
-123.250000 45.500000 -35.021984 -123.000000 45.750000 -37.005424 -123.000000 45.500000 -36.214176
-123.000000 45.500000 -36.214176 -123.000000 45.750000 -37.005424 -122.750000 45.750000 -40.353413
-123.000000 45.500000 -36.214176 -122.750000 45.750000 -40.353413 -122.750000 45.500000 -39.123589
-122.750000 45.500000 -39.123589 -122.750000 45.750000 -40.353413 -122.500000 45.750000 -48.493149
-122.750000 45.500000 -39.123589 -122.500000 45.750000 -48.493149 -122.500000 45.500000 -47.293377
-124.750000 45.750000 -12.782330 -124.750000 46.000000 -12.409223 -124.500000 46.000000 -16.109289
-124.750000 45.750000 -12.782330 -124.500000 46.000000 -16.109289 -124.500000 45.750000 -16.815483
-124.500000 45.750000 -16.815483 -124.500000 46.000000 -16.109289 -124.250000 46.000000 -20.287525
-124.500000 45.750000 -16.815483 -124.250000 46.000000 -20.287525 -124.250000 45.750000 -21.155579
-124.250000 45.750000 -21.155579 -124.250000 46.000000 -20.287525 -124.000000 46.000000 -24.482054
-124.250000 45.750000 -21.155579 -124.000000 46.000000 -24.482054 -124.000000 45.750000 -25.338421
-124.000000 45.750000 -25.338421 -124.000000 46.000000 -24.482054 -123.750000 46.000000 -28.494637
-124.000000 45.750000 -25.338421 -123.750000 46.000000 -28.494637 -123.750000 45.750000 -29.223372
-123.750000 45.750000 -29.223372 -123.750000 46.000000 -28.494637 -123.500000 46.000000 -32.223297
-123.750000 45.750000 -29.223372 -123.500000 46.000000 -32.223297 -123.500000 45.750000 -32.677010
-123.500000 45.750000 -32.677010 -123.500000 46.000000 -32.223297 -123.250000 46.000000 -35.328526
-123.500000 45.750000 -32.677010 -123.250000 46.000000 -35.328526 -123.250000 45.750000 -35.211288
-123.250000 45.750000 -35.211288 -123.250000 46.000000 -35.328526 -123.000000 46.000000 -37.942089
-123.250000 45.750000 -35.211288 -123.000000 46.000000 -37.942089 -123.000000 45.750000 -37.005424
-123.000000 45.750000 -37.005424 -123.000000 46.000000 -37.942089 -122.750000 46.000000 -41.754768
-123.000000 45.750000 -37.005424 -122.750000 46.000000 -41.754768 -122.750000 45.750000 -40.353413
-122.750000 45.750000 -40.353413 -122.750000 46.000000 -41.754768 -122.500000 46.000000 -49.151318
-122.750000 45.750000 -40.353413 -122.500000 46.000000 -49.151318 -122.500000 45.750000 -48.493149
-124.750000 46.000000 -12.409223 -124.750000 46.250000 -12.434737 -124.500000 46.250000 -15.854491
-124.750000 46.000000 -12.409223 -124.500000 46.250000 -15.854491 -124.500000 46.000000 -16.109289
-124.500000 46.000000 -16.109289 -124.500000 46.250000 -15.854491 -124.250000 46.250000 -19.823534
-124.500000 46.000000 -16.109289 -124.250000 46.250000 -19.823534 -124.250000 46.000000 -20.287525
-124.250000 46.000000 -20.287525 -124.250000 46.250000 -19.823534 -124.000000 46.250000 -23.936308
-124.250000 46.000000 -20.287525 -124.000000 46.250000 -23.936308 -124.000000 46.000000 -24.482054
-124.000000 46.000000 -24.482054 -124.000000 46.250000 -23.936308 -123.750000 46.250000 -27.972961
-124.000000 46.000000 -24.482054 -123.750000 46.250000 -27.972961 -123.750000 46.000000 -28.494637
-123.750000 46.000000 -28.494637 -123.750000 46.250000 -27.972961 -123.500000 46.250000 -31.862778
-123.750000 46.000000 -28.494637 -123.500000 46.250000 -31.862778 -123.500000 46.000000 -32.223297
-123.500000 46.000000 -32.223297 -123.500000 46.250000 -31.862778 -123.250000 46.250000 -35.434258
-123.500000 46.000000 -32.223297 -123.250000 46.250000 -35.434258 -123.250000 46.000000 -35.328526
-123.250000 46.000000 -35.328526 -123.250000 46.250000 -35.434258 -123.000000 46.250000 -38.794342
-123.250000 46.000000 -35.328526 -123.000000 46.250000 -38.794342 -123.000000 46.000000 -37.942089
-123.000000 46.000000 -37.942089 -123.000000 46.250000 -38.794342 -122.750000 46.250000 -42.902634
-123.000000 46.000000 -37.942089 -122.750000 46.250000 -42.902634 -122.750000 46.000000 -41.754768
-122.750000 46.000000 -41.754768 -122.750000 46.250000 -42.902634 -122.500000 46.250000 -49.080837
-122.750000 46.000000 -41.754768 -122.500000 46.250000 -49.080837 -122.500000 46.000000 -49.151318
-124.750000 46.250000 -12.434737 -124.750000 46.500000 -12.950473 -124.500000 46.500000 -16.196625
-124.750000 46.250000 -12.434737 -124.500000 46.500000 -16.196625 -124.500000 46.250000 -15.854491
-124.500000 46.250000 -15.854491 -124.500000 46.500000 -16.196625 -124.250000 46.500000 -19.934673
-124.500000 46.250000 -15.854491 -124.250000 46.500000 -19.934673 -124.250000 46.250000 -19.823534
-124.250000 46.250000 -19.823534 -124.250000 46.500000 -19.934673 -124.000000 46.500000 -23.861912
-124.250000 46.250000 -19.823534 -124.000000 46.500000 -23.861912 -124.000000 46.250000 -23.936308
-124.000000 46.250000 -23.936308 -124.000000 46.500000 -23.861912 -123.750000 46.500000 -27.786640
-124.000000 46.250000 -23.936308 -123.750000 46.500000 -27.786640 -123.750000 46.250000 -27.972961
-123.750000 46.250000 -27.972961 -123.750000 46.500000 -27.786640 -123.500000 46.500000 -31.667362
-123.750000 46.250000 -27.972961 -123.500000 46.500000 -31.667362 -123.500000 46.250000 -31.862778
-123.500000 46.250000 -31.862778 -123.500000 46.500000 -31.667362 -123.250000 46.500000 -35.462547
-123.500000 46.250000 -31.862778 -123.250000 46.500000 -35.462547 -123.250000 46.250000 -35.434258
-123.250000 46.250000 -35.434258 -123.250000 46.500000 -35.462547 -123.000000 46.500000 -39.284554
-123.250000 46.250000 -35.434258 -123.000000 46.500000 -39.284554 -123.000000 46.250000 -38.794342
-123.000000 46.250000 -38.794342 -123.000000 46.500000 -39.284554 -122.750000 46.500000 -43.576065
-123.000000 46.250000 -38.794342 -122.750000 46.500000 -43.576065 -122.750000 46.250000 -42.902634
-122.750000 46.250000 -42.902634 -122.750000 46.500000 -43.576065 -122.500000 46.500000 -48.868851
-122.750000 46.250000 -42.902634 -122.500000 46.500000 -48.868851 -122.500000 46.250000 -49.080837
-122.500000 46.250000 -49.080837 -122.500000 46.500000 -48.868851 -122.250000 46.500000 -55.478775
-122.500000 46.250000 -49.080837 -122.250000 46.500000 -55.478775 -122.250000 46.250000 -57.750275
-125.000000 46.500000 -10.318258 -125.000000 46.750000 -11.209731 -124.750000 46.750000 -13.943024
-125.000000 46.500000 -10.318258 -124.750000 46.750000 -13.943024 -124.750000 46.500000 -12.950473
-124.750000 46.500000 -12.950473 -124.750000 46.750000 -13.943024 -124.500000 46.750000 -17.080425
-124.750000 46.500000 -12.950473 -124.500000 46.750000 -17.080425 -124.500000 46.500000 -16.196625
-124.500000 46.500000 -16.196625 -124.500000 46.750000 -17.080425 -124.250000 46.750000 -20.563610
-124.500000 46.500000 -16.196625 -124.250000 46.750000 -20.563610 -124.250000 46.500000 -19.934673
-124.250000 46.500000 -19.934673 -124.250000 46.750000 -20.563610 -124.000000 46.750000 -24.210915
-124.250000 46.500000 -19.934673 -124.000000 46.750000 -24.210915 -124.000000 46.500000 -23.861912
-124.000000 46.500000 -23.861912 -124.000000 46.750000 -24.210915 -123.750000 46.750000 -27.895193
-124.000000 46.500000 -23.861912 -123.750000 46.750000 -27.895193 -123.750000 46.500000 -27.786640
-123.750000 46.500000 -27.786640 -123.750000 46.750000 -27.895193 -123.500000 46.750000 -31.616386
-123.750000 46.500000 -27.786640 -123.500000 46.750000 -31.616386 -123.500000 46.500000 -31.667362
-123.500000 46.500000 -31.667362 -123.500000 46.750000 -31.616386 -123.250000 46.750000 -35.414528
-123.500000 46.500000 -31.667362 -123.250000 46.750000 -35.414528 -123.250000 46.500000 -35.462547
-123.250000 46.500000 -35.462547 -123.250000 46.750000 -35.414528 -123.000000 46.750000 -39.414883
-123.250000 46.500000 -35.462547 -123.000000 46.750000 -39.414883 -123.000000 46.500000 -39.284554
-123.000000 46.500000 -39.284554 -123.000000 46.750000 -39.414883 -122.750000 46.750000 -43.845329
-123.000000 46.500000 -39.284554 -122.750000 46.750000 -43.845329 -122.750000 46.500000 -43.576065
-122.750000 46.500000 -43.576065 -122.750000 46.750000 -43.845329 -122.500000 46.750000 -48.876709
-122.750000 46.500000 -43.576065 -122.500000 46.750000 -48.876709 -122.500000 46.500000 -48.868851
-122.500000 46.500000 -48.868851 -122.500000 46.750000 -48.876709 -122.250000 46.750000 -54.630665
-122.500000 46.500000 -48.868851 -122.250000 46.750000 -54.630665 -122.250000 46.500000 -55.478775
-125.000000 46.750000 -11.209731 -125.000000 47.000000 -12.492293 -124.750000 47.000000 -15.351336
-125.000000 46.750000 -11.209731 -124.750000 47.000000 -15.351336 -124.750000 46.750000 -13.943024
-124.750000 46.750000 -13.943024 -124.750000 47.000000 -15.351336 -124.500000 47.000000 -18.398226
-124.750000 46.750000 -13.943024 -124.500000 47.000000 -18.398226 -124.500000 46.750000 -17.080425
-124.500000 46.750000 -17.080425 -124.500000 47.000000 -18.398226 -124.250000 47.000000 -21.625742
-124.500000 46.750000 -17.080425 -124.250000 47.000000 -21.625742 -124.250000 46.750000 -20.563610
-124.250000 46.750000 -20.563610 -124.250000 47.000000 -21.625742 -124.000000 47.000000 -24.944221
-124.250000 46.750000 -20.563610 -124.000000 47.000000 -24.944221 -124.000000 46.750000 -24.210915
-124.000000 46.750000 -24.210915 -124.000000 47.000000 -24.944221 -123.750000 47.000000 -28.305969
-124.000000 46.750000 -24.210915 -123.750000 47.000000 -28.305969 -123.750000 46.750000 -27.895193
-123.750000 46.750000 -27.895193 -123.750000 47.000000 -28.305969 -123.500000 47.000000 -31.792459
-123.750000 46.750000 -27.895193 -123.500000 47.000000 -31.792459 -123.500000 46.750000 -31.616386
-123.500000 46.750000 -31.616386 -123.500000 47.000000 -31.792459 -123.250000 47.000000 -35.491001
-123.500000 46.750000 -31.616386 -123.250000 47.000000 -35.491001 -123.250000 46.750000 -35.414528
-123.250000 46.750000 -35.414528 -123.250000 47.000000 -35.491001 -123.000000 47.000000 -39.477592
-123.250000 46.750000 -35.414528 -123.000000 47.000000 -39.477592 -123.000000 46.750000 -39.414883
-123.000000 46.750000 -39.414883 -123.000000 47.000000 -39.477592 -122.750000 47.000000 -43.897961
-123.000000 46.750000 -39.414883 -122.750000 47.000000 -43.897961 -122.750000 46.750000 -43.845329
-122.750000 46.750000 -43.845329 -122.750000 47.000000 -43.897961 -122.500000 47.000000 -48.852230
-122.750000 46.750000 -43.845329 -122.500000 47.000000 -48.852230 -122.500000 46.750000 -48.876709
-122.500000 46.750000 -48.876709 -122.500000 47.000000 -48.852230 -122.250000 47.000000 -54.321079
-122.500000 46.750000 -48.876709 -122.250000 47.000000 -54.321079 -122.250000 46.750000 -54.630665
-125.000000 47.000000 -12.492293 -125.000000 47.250000 -14.247694 -124.750000 47.250000 -17.198637
-125.000000 47.000000 -12.492293 -124.750000 47.250000 -17.198637 -124.750000 47.000000 -15.351336
-124.750000 47.000000 -15.351336 -124.750000 47.250000 -17.198637 -124.500000 47.250000 -20.149160
-124.750000 47.000000 -15.351336 -124.500000 47.250000 -20.149160 -124.500000 47.000000 -18.398226
-124.500000 47.000000 -18.398226 -124.500000 47.250000 -20.149160 -124.250000 47.250000 -23.120857
-124.500000 47.000000 -18.398226 -124.250000 47.250000 -23.120857 -124.250000 47.000000 -21.625742
-124.250000 47.000000 -21.625742 -124.250000 47.250000 -23.120857 -124.000000 47.250000 -26.076950
-124.250000 47.000000 -21.625742 -124.000000 47.250000 -26.076950 -124.000000 47.000000 -24.944221
-124.000000 47.000000 -24.944221 -124.000000 47.250000 -26.076950 -123.750000 47.250000 -29.070019
-124.000000 47.000000 -24.944221 -123.750000 47.250000 -29.070019 -123.750000 47.000000 -28.305969
-123.750000 47.000000 -28.305969 -123.750000 47.250000 -29.070019 -123.500000 47.250000 -32.308411
-123.750000 47.000000 -28.305969 -123.500000 47.250000 -32.308411 -123.500000 47.000000 -31.792459
-123.500000 47.000000 -31.792459 -123.500000 47.250000 -32.308411 -123.250000 47.250000 -35.895634
-123.500000 47.000000 -31.792459 -123.250000 47.250000 -35.895634 -123.250000 47.000000 -35.491001
-123.250000 47.000000 -35.491001 -123.250000 47.250000 -35.895634 -123.000000 47.250000 -39.765968
-123.250000 47.000000 -35.491001 -123.000000 47.250000 -39.765968 -123.000000 47.000000 -39.477592
-123.000000 47.000000 -39.477592 -123.000000 47.250000 -39.765968 -122.750000 47.250000 -43.959301
-123.000000 47.000000 -39.477592 -122.750000 47.250000 -43.959301 -122.750000 47.000000 -43.897961
-122.750000 47.000000 -43.897961 -122.750000 47.250000 -43.959301 -122.500000 47.250000 -48.608181
-122.750000 47.000000 -43.897961 -122.500000 47.250000 -48.608181 -122.500000 47.000000 -48.852230
-122.500000 47.000000 -48.852230 -122.500000 47.250000 -48.608181 -122.250000 47.250000 -53.713993
-122.500000 47.000000 -48.852230 -122.250000 47.250000 -53.713993 -122.250000 47.000000 -54.321079
-125.250000 47.250000 -11.368410 -125.250000 47.500000 -13.445347 -125.000000 47.500000 -16.543489
-125.250000 47.250000 -11.368410 -125.000000 47.500000 -16.543489 -125.000000 47.250000 -14.247694
-125.000000 47.250000 -14.247694 -125.000000 47.500000 -16.543489 -124.750000 47.500000 -19.539839
-125.000000 47.250000 -14.247694 -124.750000 47.500000 -19.539839 -124.750000 47.250000 -17.198637
-124.750000 47.250000 -17.198637 -124.750000 47.500000 -19.539839 -124.500000 47.500000 -22.362545
-124.750000 47.250000 -17.198637 -124.500000 47.500000 -22.362545 -124.500000 47.250000 -20.149160
-124.500000 47.250000 -20.149160 -124.500000 47.500000 -22.362545 -124.250000 47.500000 -25.037014
-124.500000 47.250000 -20.149160 -124.250000 47.500000 -25.037014 -124.250000 47.250000 -23.120857
-124.250000 47.250000 -23.120857 -124.250000 47.500000 -25.037014 -124.000000 47.500000 -27.582829
-124.250000 47.250000 -23.120857 -124.000000 47.500000 -27.582829 -124.000000 47.250000 -26.076950
-124.000000 47.250000 -26.076950 -124.000000 47.500000 -27.582829 -123.750000 47.500000 -30.182211
-124.000000 47.250000 -26.076950 -123.750000 47.500000 -30.182211 -123.750000 47.250000 -29.070019
-123.750000 47.250000 -29.070019 -123.750000 47.500000 -30.182211 -123.500000 47.500000 -33.174023
-123.750000 47.250000 -29.070019 -123.500000 47.500000 -33.174023 -123.500000 47.250000 -32.308411
-123.500000 47.250000 -32.308411 -123.500000 47.500000 -33.174023 -123.250000 47.500000 -36.662895
-123.500000 47.250000 -32.308411 -123.250000 47.500000 -36.662895 -123.250000 47.250000 -35.895634
-123.250000 47.250000 -35.895634 -123.250000 47.500000 -36.662895 -123.000000 47.500000 -40.430206
-123.250000 47.250000 -35.895634 -123.000000 47.500000 -40.430206 -123.000000 47.250000 -39.765968
-123.000000 47.250000 -39.765968 -123.000000 47.500000 -40.430206 -122.750000 47.500000 -44.358074
-123.000000 47.250000 -39.765968 -122.750000 47.500000 -44.358074 -122.750000 47.250000 -43.959301
-122.750000 47.250000 -43.959301 -122.750000 47.500000 -44.358074 -122.500000 47.500000 -48.548679
-122.750000 47.250000 -43.959301 -122.500000 47.500000 -48.548679 -122.500000 47.250000 -48.608181
-122.500000 47.250000 -48.608181 -122.500000 47.500000 -48.548679 -122.250000 47.500000 -53.120800
-122.500000 47.250000 -48.608181 -122.250000 47.500000 -53.120800 -122.250000 47.250000 -53.713993
-122.250000 47.250000 -53.713993 -122.250000 47.500000 -53.120800 -122.000000 47.500000 -58.720493
-122.250000 47.250000 -53.713993 -122.000000 47.500000 -58.720493 -122.000000 47.250000 -59.778912
-125.500000 47.500000 -10.558907 -125.500000 47.750000 -12.751417 -125.250000 47.750000 -15.941971
-125.500000 47.500000 -10.558907 -125.250000 47.750000 -15.941971 -125.250000 47.500000 -13.445347
-125.250000 47.500000 -13.445347 -125.250000 47.750000 -15.941971 -125.000000 47.750000 -19.172401
-125.250000 47.500000 -13.445347 -125.000000 47.750000 -19.172401 -125.000000 47.500000 -16.543489
-125.000000 47.500000 -16.543489 -125.000000 47.750000 -19.172401 -124.750000 47.750000 -22.149996
-125.000000 47.500000 -16.543489 -124.750000 47.750000 -22.149996 -124.750000 47.500000 -19.539839
-124.750000 47.500000 -19.539839 -124.750000 47.750000 -22.149996 -124.500000 47.750000 -24.803659
-124.750000 47.500000 -19.539839 -124.500000 47.750000 -24.803659 -124.500000 47.500000 -22.362545
-124.500000 47.500000 -22.362545 -124.500000 47.750000 -24.803659 -124.250000 47.750000 -27.164843
-124.500000 47.500000 -22.362545 -124.250000 47.750000 -27.164843 -124.250000 47.500000 -25.037014
-124.250000 47.500000 -25.037014 -124.250000 47.750000 -27.164843 -124.000000 47.750000 -29.332479
-124.250000 47.500000 -25.037014 -124.000000 47.750000 -29.332479 -124.000000 47.500000 -27.582829
-124.000000 47.500000 -27.582829 -124.000000 47.750000 -29.332479 -123.750000 47.750000 -31.594713
-124.000000 47.500000 -27.582829 -123.750000 47.750000 -31.594713 -123.750000 47.500000 -30.182211
-123.750000 47.500000 -30.182211 -123.750000 47.750000 -31.594713 -123.500000 47.750000 -34.354942
-123.750000 47.500000 -30.182211 -123.500000 47.750000 -34.354942 -123.500000 47.500000 -33.174023
-123.500000 47.500000 -33.174023 -123.500000 47.750000 -34.354942 -123.250000 47.750000 -37.740730
-123.500000 47.500000 -33.174023 -123.250000 47.750000 -37.740730 -123.250000 47.500000 -36.662895
-123.250000 47.500000 -36.662895 -123.250000 47.750000 -37.740730 -123.000000 47.750000 -41.496086
-123.250000 47.500000 -36.662895 -123.000000 47.750000 -41.496086 -123.000000 47.500000 -40.430206
-123.000000 47.500000 -40.430206 -123.000000 47.750000 -41.496086 -122.750000 47.750000 -45.360268
-123.000000 47.500000 -40.430206 -122.750000 47.750000 -45.360268 -122.750000 47.500000 -44.358074
-122.750000 47.500000 -44.358074 -122.750000 47.750000 -45.360268 -122.500000 47.750000 -49.273441
-122.750000 47.500000 -44.358074 -122.500000 47.750000 -49.273441 -122.500000 47.500000 -48.548679
-122.500000 47.500000 -48.548679 -122.500000 47.750000 -49.273441 -122.250000 47.750000 -53.421135
-122.500000 47.500000 -48.548679 -122.250000 47.750000 -53.421135 -122.250000 47.500000 -53.120800
-122.250000 47.500000 -53.120800 -122.250000 47.750000 -53.421135 -122.000000 47.750000 -58.779762
-122.250000 47.500000 -53.120800 -122.000000 47.750000 -58.779762 -122.000000 47.500000 -58.720493
-125.500000 47.750000 -12.751417 -125.500000 48.000000 -15.164771 -125.250000 48.000000 -18.511189
-125.500000 47.750000 -12.751417 -125.250000 48.000000 -18.511189 -125.250000 47.750000 -15.941971
-125.250000 47.750000 -15.941971 -125.250000 48.000000 -18.511189 -125.000000 48.000000 -21.759808
-125.250000 47.750000 -15.941971 -125.000000 48.000000 -21.759808 -125.000000 47.750000 -19.172401
-125.000000 47.750000 -19.172401 -125.000000 48.000000 -21.759808 -124.750000 48.000000 -24.653929
-125.000000 47.750000 -19.172401 -124.750000 48.000000 -24.653929 -124.750000 47.750000 -22.149996
-124.750000 47.750000 -22.149996 -124.750000 48.000000 -24.653929 -124.500000 48.000000 -27.128666
-124.750000 47.750000 -22.149996 -124.500000 48.000000 -27.128666 -124.500000 47.750000 -24.803659
-124.500000 47.750000 -24.803659 -124.500000 48.000000 -27.128666 -124.250000 48.000000 -29.247690
-124.500000 47.750000 -24.803659 -124.250000 48.000000 -29.247690 -124.250000 47.750000 -27.164843
-124.250000 47.750000 -27.164843 -124.250000 48.000000 -29.247690 -124.000000 48.000000 -31.187954
-124.250000 47.750000 -27.164843 -124.000000 48.000000 -31.187954 -124.000000 47.750000 -29.332479
-124.000000 47.750000 -29.332479 -124.000000 48.000000 -31.187954 -123.750000 48.000000 -33.263172
-124.000000 47.750000 -29.332479 -123.750000 48.000000 -33.263172 -123.750000 47.750000 -31.594713
-123.750000 47.750000 -31.594713 -123.750000 48.000000 -33.263172 -123.500000 48.000000 -35.853695
-123.750000 47.750000 -31.594713 -123.500000 48.000000 -35.853695 -123.500000 47.750000 -34.354942
-123.500000 47.750000 -34.354942 -123.500000 48.000000 -35.853695 -123.250000 48.000000 -39.144955
-123.500000 47.750000 -34.354942 -123.250000 48.000000 -39.144955 -123.250000 47.750000 -37.740730
-123.250000 47.750000 -37.740730 -123.250000 48.000000 -39.144955 -123.000000 48.000000 -42.981018
-123.250000 47.750000 -37.740730 -123.000000 48.000000 -42.981018 -123.000000 47.750000 -41.496086
-123.000000 47.750000 -41.496086 -123.000000 48.000000 -42.981018 -122.750000 48.000000 -47.050957
-123.000000 47.750000 -41.496086 -122.750000 48.000000 -47.050957 -122.750000 47.750000 -45.360268
-122.750000 47.750000 -45.360268 -122.750000 48.000000 -47.050957 -122.500000 48.000000 -51.117832
-122.750000 47.750000 -45.360268 -122.500000 48.000000 -51.117832 -122.500000 47.750000 -49.273441
-122.500000 47.750000 -49.273441 -122.500000 48.000000 -51.117832 -122.250000 48.000000 -55.349876
-122.500000 47.750000 -49.273441 -122.250000 48.000000 -55.349876 -122.250000 47.750000 -53.421135
-125.750000 48.000000 -12.082293 -125.750000 48.250000 -14.459096 -125.500000 48.250000 -17.679567
-125.750000 48.000000 -12.082293 -125.500000 48.250000 -17.679567 -125.500000 48.000000 -15.164771
-125.500000 48.000000 -15.164771 -125.500000 48.250000 -17.679567 -125.250000 48.250000 -21.042746
-125.500000 48.000000 -15.164771 -125.250000 48.250000 -21.042746 -125.250000 48.000000 -18.511189
-125.250000 48.000000 -18.511189 -125.250000 48.250000 -21.042746 -125.000000 48.250000 -24.232824
-125.250000 48.000000 -18.511189 -125.000000 48.250000 -24.232824 -125.000000 48.000000 -21.759808
-125.000000 48.000000 -21.759808 -125.000000 48.250000 -24.232824 -124.750000 48.250000 -27.029791
-125.000000 48.000000 -21.759808 -124.750000 48.250000 -27.029791 -124.750000 48.000000 -24.653929
-124.750000 48.000000 -24.653929 -124.750000 48.250000 -27.029791 -124.500000 48.250000 -29.372370
-124.750000 48.000000 -24.653929 -124.500000 48.250000 -29.372370 -124.500000 48.000000 -27.128666
-124.500000 48.000000 -27.128666 -124.500000 48.250000 -29.372370 -124.250000 48.250000 -31.361288
-124.500000 48.000000 -27.128666 -124.250000 48.250000 -31.361288 -124.250000 48.000000 -29.247690
-124.250000 48.000000 -29.247690 -124.250000 48.250000 -31.361288 -124.000000 48.250000 -33.231785
-124.250000 48.000000 -29.247690 -124.000000 48.250000 -33.231785 -124.000000 48.000000 -31.187954
-124.000000 48.000000 -31.187954 -124.000000 48.250000 -33.231785 -123.750000 48.250000 -35.273819
-124.000000 48.000000 -31.187954 -123.750000 48.250000 -35.273819 -123.750000 48.000000 -33.263172
-123.750000 48.000000 -33.263172 -123.750000 48.250000 -35.273819 -123.500000 48.250000 -37.808250
-123.750000 48.000000 -33.263172 -123.500000 48.250000 -37.808250 -123.500000 48.000000 -35.853695
-123.500000 48.000000 -35.853695 -123.500000 48.250000 -37.808250 -123.250000 48.250000 -41.075722
-123.500000 48.000000 -35.853695 -123.250000 48.250000 -41.075722 -123.250000 48.000000 -39.144955
-123.250000 48.000000 -39.144955 -123.250000 48.250000 -41.075722 -123.000000 48.250000 -45.050034
-123.250000 48.000000 -39.144955 -123.000000 48.250000 -45.050034 -123.000000 48.000000 -42.981018
-123.000000 48.000000 -42.981018 -123.000000 48.250000 -45.050034 -122.750000 48.250000 -49.481998
-123.000000 48.000000 -42.981018 -122.750000 48.250000 -49.481998 -122.750000 48.000000 -47.050957
-122.750000 48.000000 -47.050957 -122.750000 48.250000 -49.481998 -122.500000 48.250000 -54.151627
-122.750000 48.000000 -47.050957 -122.500000 48.250000 -54.151627 -122.500000 48.000000 -51.117832
-122.500000 48.000000 -51.117832 -122.500000 48.250000 -54.151627 -122.250000 48.250000 -59.277943
-122.500000 48.000000 -51.117832 -122.250000 48.250000 -59.277943 -122.250000 48.000000 -55.349876
-126.000000 48.250000 -11.606566 -126.000000 48.500000 -14.112741 -125.750000 48.500000 -17.152391
-126.000000 48.250000 -11.606566 -125.750000 48.500000 -17.152391 -125.750000 48.250000 -14.459096
-125.750000 48.250000 -14.459096 -125.750000 48.500000 -17.152391 -125.500000 48.500000 -20.449959
-125.750000 48.250000 -14.459096 -125.500000 48.500000 -20.449959 -125.500000 48.250000 -17.679567
-125.500000 48.250000 -17.679567 -125.500000 48.500000 -20.449959 -125.250000 48.500000 -23.782833
-125.500000 48.250000 -17.679567 -125.250000 48.500000 -23.782833 -125.250000 48.250000 -21.042746
-125.250000 48.250000 -21.042746 -125.250000 48.500000 -23.782833 -125.000000 48.500000 -26.889843
-125.250000 48.250000 -21.042746 -125.000000 48.500000 -26.889843 -125.000000 48.250000 -24.232824
-125.000000 48.250000 -24.232824 -125.000000 48.500000 -26.889843 -124.750000 48.500000 -29.610527
-125.000000 48.250000 -24.232824 -124.750000 48.500000 -29.610527 -124.750000 48.250000 -27.029791
-124.750000 48.250000 -27.029791 -124.750000 48.500000 -29.610527 -124.500000 48.500000 -31.902987
-124.750000 48.250000 -27.029791 -124.500000 48.500000 -31.902987 -124.500000 48.250000 -29.372370
-124.500000 48.250000 -29.372370 -124.500000 48.500000 -31.902987 -124.250000 48.500000 -33.879757
-124.500000 48.250000 -29.372370 -124.250000 48.500000 -33.879757 -124.250000 48.250000 -31.361288
-124.250000 48.250000 -31.361288 -124.250000 48.500000 -33.879757 -124.000000 48.500000 -35.791130
-124.250000 48.250000 -31.361288 -124.000000 48.500000 -35.791130 -124.000000 48.250000 -33.231785
-124.000000 48.250000 -33.231785 -124.000000 48.500000 -35.791130 -123.750000 48.500000 -37.896500
-124.000000 48.250000 -33.231785 -123.750000 48.500000 -37.896500 -123.750000 48.250000 -35.273819
-123.750000 48.250000 -35.273819 -123.750000 48.500000 -37.896500 -123.500000 48.500000 -40.475903
-123.750000 48.250000 -35.273819 -123.500000 48.500000 -40.475903 -123.500000 48.250000 -37.808250
-123.500000 48.250000 -37.808250 -123.500000 48.500000 -40.475903 -123.250000 48.500000 -43.798302
-123.500000 48.250000 -37.808250 -123.250000 48.500000 -43.798302 -123.250000 48.250000 -41.075722
-123.250000 48.250000 -41.075722 -123.250000 48.500000 -43.798302 -123.000000 48.500000 -47.916176
-123.250000 48.250000 -41.075722 -123.000000 48.500000 -47.916176 -123.000000 48.250000 -45.050034
-123.000000 48.250000 -45.050034 -123.000000 48.500000 -47.916176 -122.750000 48.500000 -52.711582
-123.000000 48.250000 -45.050034 -122.750000 48.500000 -52.711582 -122.750000 48.250000 -49.481998
-122.750000 48.250000 -49.481998 -122.750000 48.500000 -52.711582 -122.500000 48.500000 -58.230957
-122.750000 48.250000 -49.481998 -122.500000 48.500000 -58.230957 -122.500000 48.250000 -54.151627
-126.250000 48.500000 -11.411863 -126.250000 48.750000 -14.068977 -126.000000 48.750000 -16.981606
-126.250000 48.500000 -11.411863 -126.000000 48.750000 -16.981606 -126.000000 48.500000 -14.112741
-126.000000 48.500000 -14.112741 -126.000000 48.750000 -16.981606 -125.750000 48.750000 -20.222466
-126.000000 48.500000 -14.112741 -125.750000 48.750000 -20.222466 -125.750000 48.500000 -17.152391
-125.750000 48.500000 -17.152391 -125.750000 48.750000 -20.222466 -125.500000 48.750000 -23.661064
-125.750000 48.500000 -17.152391 -125.500000 48.750000 -23.661064 -125.500000 48.500000 -20.449959
-125.500000 48.500000 -20.449959 -125.500000 48.750000 -23.661064 -125.250000 48.750000 -27.008318
-125.500000 48.500000 -20.449959 -125.250000 48.750000 -27.008318 -125.250000 48.500000 -23.782833
-125.250000 48.500000 -23.782833 -125.250000 48.750000 -27.008318 -125.000000 48.750000 -30.009304
-125.250000 48.500000 -23.782833 -125.000000 48.750000 -30.009304 -125.000000 48.500000 -26.889843
-125.000000 48.500000 -26.889843 -125.000000 48.750000 -30.009304 -124.750000 48.750000 -32.625114
-125.000000 48.500000 -26.889843 -124.750000 48.750000 -32.625114 -124.750000 48.500000 -29.610527
-124.750000 48.500000 -29.610527 -124.750000 48.750000 -32.625114 -124.500000 48.750000 -34.932331
-124.750000 48.500000 -29.610527 -124.500000 48.750000 -34.932331 -124.500000 48.500000 -31.902987
-124.500000 48.500000 -31.902987 -124.500000 48.750000 -34.932331 -124.250000 48.750000 -37.039349
-124.500000 48.500000 -31.902987 -124.250000 48.750000 -37.039349 -124.250000 48.500000 -33.879757
-124.250000 48.500000 -33.879757 -124.250000 48.750000 -37.039349 -124.000000 48.750000 -39.101166
-124.250000 48.500000 -33.879757 -124.000000 48.750000 -39.101166 -124.000000 48.500000 -35.791130
-124.000000 48.500000 -35.791130 -124.000000 48.750000 -39.101166 -123.750000 48.750000 -41.297020
-124.000000 48.500000 -35.791130 -123.750000 48.750000 -41.297020 -123.750000 48.500000 -37.896500
-123.750000 48.500000 -37.896500 -123.750000 48.750000 -41.297020 -123.500000 48.750000 -43.911690
-123.750000 48.500000 -37.896500 -123.500000 48.750000 -43.911690 -123.500000 48.500000 -40.475903
-123.500000 48.500000 -40.475903 -123.500000 48.750000 -43.911690 -123.250000 48.750000 -47.289284
-123.500000 48.500000 -40.475903 -123.250000 48.750000 -47.289284 -123.250000 48.500000 -43.798302
-123.250000 48.500000 -43.798302 -123.250000 48.750000 -47.289284 -123.000000 48.750000 -51.576466
-123.250000 48.500000 -43.798302 -123.000000 48.750000 -51.576466 -123.000000 48.500000 -47.916176
-123.000000 48.500000 -47.916176 -123.000000 48.750000 -51.576466 -122.750000 48.750000 -56.799870
-123.000000 48.500000 -47.916176 -122.750000 48.750000 -56.799870 -122.750000 48.500000 -52.711582
-126.500000 48.750000 -11.523954 -126.500000 49.000000 -14.637572 -126.250000 49.000000 -17.247492
-126.500000 48.750000 -11.523954 -126.250000 49.000000 -17.247492 -126.250000 48.750000 -14.068977
-126.250000 48.750000 -14.068977 -126.250000 49.000000 -17.247492 -126.000000 49.000000 -20.255949
-126.250000 48.750000 -14.068977 -126.000000 49.000000 -20.255949 -126.000000 48.750000 -16.981606
-126.000000 48.750000 -16.981606 -126.000000 49.000000 -20.255949 -125.750000 49.000000 -23.688358
-126.000000 48.750000 -16.981606 -125.750000 49.000000 -23.688358 -125.750000 48.750000 -20.222466
-125.750000 48.750000 -20.222466 -125.750000 49.000000 -23.688358 -125.500000 49.000000 -27.354597
-125.750000 48.750000 -20.222466 -125.500000 49.000000 -27.354597 -125.500000 48.750000 -23.661064
-125.500000 48.750000 -23.661064 -125.500000 49.000000 -27.354597 -125.250000 49.000000 -30.788412
-125.500000 48.750000 -23.661064 -125.250000 49.000000 -30.788412 -125.250000 48.750000 -27.008318
-125.250000 48.750000 -27.008318 -125.250000 49.000000 -30.788412 -125.000000 49.000000 -33.640503
-125.250000 48.750000 -27.008318 -125.000000 49.000000 -33.640503 -125.000000 48.750000 -30.009304
-125.000000 48.750000 -30.009304 -125.000000 49.000000 -33.640503 -124.750000 49.000000 -36.053753
-125.000000 48.750000 -30.009304 -124.750000 49.000000 -36.053753 -124.750000 48.750000 -32.625114
-124.750000 48.750000 -32.625114 -124.750000 49.000000 -36.053753 -124.500000 49.000000 -38.368481
-124.750000 48.750000 -32.625114 -124.500000 49.000000 -38.368481 -124.500000 48.750000 -34.932331
-124.500000 48.750000 -34.932331 -124.500000 49.000000 -38.368481 -124.250000 49.000000 -40.704430
-124.500000 48.750000 -34.932331 -124.250000 49.000000 -40.704430 -124.250000 48.750000 -37.039349
-124.250000 48.750000 -37.039349 -124.250000 49.000000 -40.704430 -124.000000 49.000000 -43.002182
-124.250000 48.750000 -37.039349 -124.000000 49.000000 -43.002182 -124.000000 48.750000 -39.101166
-124.000000 48.750000 -39.101166 -124.000000 49.000000 -43.002182 -123.750000 49.000000 -45.284153
-124.000000 48.750000 -39.101166 -123.750000 49.000000 -45.284153 -123.750000 48.750000 -41.297020
-123.750000 48.750000 -41.297020 -123.750000 49.000000 -45.284153 -123.500000 49.000000 -47.882450
-123.750000 48.750000 -41.297020 -123.500000 49.000000 -47.882450 -123.500000 48.750000 -43.911690
-123.500000 48.750000 -43.911690 -123.500000 49.000000 -47.882450 -123.250000 49.000000 -51.338192
-123.500000 48.750000 -43.911690 -123.250000 49.000000 -51.338192 -123.250000 48.750000 -47.289284
-123.250000 48.750000 -47.289284 -123.250000 49.000000 -51.338192 -123.000000 49.000000 -56.035095
-123.250000 48.750000 -47.289284 -123.000000 49.000000 -56.035095 -123.000000 48.750000 -51.576466
-127.000000 49.000000 -10.425261 -127.000000 49.250000 -13.758085 -126.750000 49.250000 -16.122086
-127.000000 49.000000 -10.425261 -126.750000 49.250000 -16.122086 -126.750000 49.000000 -12.367411
-126.750000 49.000000 -12.367411 -126.750000 49.250000 -16.122086 -126.500000 49.250000 -18.512136
-126.750000 49.000000 -12.367411 -126.500000 49.250000 -18.512136 -126.500000 49.000000 -14.637572
-126.500000 49.000000 -14.637572 -126.500000 49.250000 -18.512136 -126.250000 49.250000 -21.039644
-126.500000 49.000000 -14.637572 -126.250000 49.250000 -21.039644 -126.250000 49.000000 -17.247492
-126.250000 49.000000 -17.247492 -126.250000 49.250000 -21.039644 -126.000000 49.250000 -23.958052
-126.250000 49.000000 -17.247492 -126.000000 49.250000 -23.958052 -126.000000 49.000000 -20.255949
-126.000000 49.000000 -20.255949 -126.000000 49.250000 -23.958052 -125.750000 49.250000 -27.456633
-126.000000 49.000000 -20.255949 -125.750000 49.250000 -27.456633 -125.750000 49.000000 -23.688358
-125.750000 49.000000 -23.688358 -125.750000 49.250000 -27.456633 -125.500000 49.250000 -31.339863
-125.750000 49.000000 -23.688358 -125.500000 49.250000 -31.339863 -125.500000 49.000000 -27.354597
-125.500000 49.000000 -27.354597 -125.500000 49.250000 -31.339863 -125.250000 49.250000 -34.929565
-125.500000 49.000000 -27.354597 -125.250000 49.250000 -34.929565 -125.250000 49.000000 -30.788412
-125.250000 49.000000 -30.788412 -125.250000 49.250000 -34.929565 -125.000000 49.250000 -37.684559
-125.250000 49.000000 -30.788412 -125.000000 49.250000 -37.684559 -125.000000 49.000000 -33.640503
-125.000000 49.000000 -33.640503 -125.000000 49.250000 -37.684559 -124.750000 49.250000 -39.862686
-125.000000 49.000000 -33.640503 -124.750000 49.250000 -39.862686 -124.750000 49.000000 -36.053753
-124.750000 49.000000 -36.053753 -124.750000 49.250000 -39.862686 -124.500000 49.250000 -42.080662
-124.750000 49.000000 -36.053753 -124.500000 49.250000 -42.080662 -124.500000 49.000000 -38.368481
-124.500000 49.000000 -38.368481 -124.500000 49.250000 -42.080662 -124.250000 49.250000 -44.531834
-124.500000 49.000000 -38.368481 -124.250000 49.250000 -44.531834 -124.250000 49.000000 -40.704430
-124.250000 49.000000 -40.704430 -124.250000 49.250000 -44.531834 -124.000000 49.250000 -47.016716
-124.250000 49.000000 -40.704430 -124.000000 49.250000 -47.016716 -124.000000 49.000000 -43.002182
-124.000000 49.000000 -43.002182 -124.000000 49.250000 -47.016716 -123.750000 49.250000 -49.456284
-124.000000 49.000000 -43.002182 -123.750000 49.250000 -49.456284 -123.750000 49.000000 -45.284153
-123.750000 49.000000 -45.284153 -123.750000 49.250000 -49.456284 -123.500000 49.250000 -52.248367
-123.750000 49.000000 -45.284153 -123.500000 49.250000 -52.248367 -123.500000 49.000000 -47.882450
-123.500000 49.000000 -47.882450 -123.500000 49.250000 -52.248367 -123.250000 49.250000 -56.162724
-123.500000 49.000000 -47.882450 -123.250000 49.250000 -56.162724 -123.250000 49.000000 -51.338192
-127.250000 49.250000 -11.356865 -127.250000 49.500000 -14.158424 -127.000000 49.500000 -17.461605
-127.250000 49.250000 -11.356865 -127.000000 49.500000 -17.461605 -127.000000 49.250000 -13.758085
-127.000000 49.250000 -13.758085 -127.000000 49.500000 -17.461605 -126.750000 49.500000 -20.321886
-127.000000 49.250000 -13.758085 -126.750000 49.500000 -20.321886 -126.750000 49.250000 -16.122086
-126.750000 49.250000 -16.122086 -126.750000 49.500000 -20.321886 -126.500000 49.500000 -22.772560
-126.750000 49.250000 -16.122086 -126.500000 49.500000 -22.772560 -126.500000 49.250000 -18.512136
-126.500000 49.250000 -18.512136 -126.500000 49.500000 -22.772560 -126.250000 49.500000 -25.087971
-126.500000 49.250000 -18.512136 -126.250000 49.500000 -25.087971 -126.250000 49.250000 -21.039644
-126.250000 49.250000 -21.039644 -126.250000 49.500000 -25.087971 -126.000000 49.500000 -27.743876
-126.250000 49.250000 -21.039644 -126.000000 49.500000 -27.743876 -126.000000 49.250000 -23.958052
-126.000000 49.250000 -23.958052 -126.000000 49.500000 -27.743876 -125.750000 49.500000 -31.122908
-126.000000 49.250000 -23.958052 -125.750000 49.500000 -31.122908 -125.750000 49.250000 -27.456633
-125.750000 49.250000 -27.456633 -125.750000 49.500000 -31.122908 -125.500000 49.500000 -35.118130
-125.750000 49.250000 -27.456633 -125.500000 49.500000 -35.118130 -125.500000 49.250000 -31.339863
-125.500000 49.250000 -31.339863 -125.500000 49.500000 -35.118130 -125.250000 49.500000 -38.952202
-125.500000 49.250000 -31.339863 -125.250000 49.500000 -38.952202 -125.250000 49.250000 -34.929565
-125.250000 49.250000 -34.929565 -125.250000 49.500000 -38.952202 -125.000000 49.500000 -41.863953
-125.250000 49.250000 -34.929565 -125.000000 49.500000 -41.863953 -125.000000 49.250000 -37.684559
-125.000000 49.250000 -37.684559 -125.000000 49.500000 -41.863953 -124.750000 49.500000 -43.993610
-125.000000 49.250000 -37.684559 -124.750000 49.500000 -43.993610 -124.750000 49.250000 -39.862686
-124.750000 49.250000 -39.862686 -124.750000 49.500000 -43.993610 -124.500000 49.500000 -46.033401
-124.750000 49.250000 -39.862686 -124.500000 49.500000 -46.033401 -124.500000 49.250000 -42.080662
-124.500000 49.250000 -42.080662 -124.500000 49.500000 -46.033401 -124.250000 49.500000 -48.340672
-124.500000 49.250000 -42.080662 -124.250000 49.500000 -48.340672 -124.250000 49.250000 -44.531834
-124.250000 49.250000 -44.531834 -124.250000 49.500000 -48.340672 -124.000000 49.500000 -50.873722
-124.250000 49.250000 -44.531834 -124.000000 49.500000 -50.873722 -124.000000 49.250000 -47.016716
-124.000000 49.250000 -47.016716 -124.000000 49.500000 -50.873722 -123.750000 49.500000 -53.691479
-124.000000 49.250000 -47.016716 -123.750000 49.500000 -53.691479 -123.750000 49.250000 -49.456284
-123.750000 49.250000 -49.456284 -123.750000 49.500000 -53.691479 -123.500000 49.500000 -57.292225
-123.750000 49.250000 -49.456284 -123.500000 49.500000 -57.292225 -123.500000 49.250000 -52.248367
-127.500000 49.500000 -10.605130 -127.500000 49.750000 -13.040357 -127.250000 49.750000 -17.405062
-127.500000 49.500000 -10.605130 -127.250000 49.750000 -17.405062 -127.250000 49.500000 -14.158424
-127.250000 49.500000 -14.158424 -127.250000 49.750000 -17.405062 -127.000000 49.750000 -21.282232
-127.250000 49.500000 -14.158424 -127.000000 49.750000 -21.282232 -127.000000 49.500000 -17.461605
-127.000000 49.500000 -17.461605 -127.000000 49.750000 -21.282232 -126.750000 49.750000 -24.300129
-127.000000 49.500000 -17.461605 -126.750000 49.750000 -24.300129 -126.750000 49.500000 -20.321886
-126.750000 49.500000 -20.321886 -126.750000 49.750000 -24.300129 -126.500000 49.750000 -26.577435
-126.750000 49.500000 -20.321886 -126.500000 49.750000 -26.577435 -126.500000 49.500000 -22.772560
-126.500000 49.500000 -22.772560 -126.500000 49.750000 -26.577435 -126.250000 49.750000 -28.593359
-126.500000 49.500000 -22.772560 -126.250000 49.750000 -28.593359 -126.250000 49.500000 -25.087971
-126.250000 49.500000 -25.087971 -126.250000 49.750000 -28.593359 -126.000000 49.750000 -30.978848
-126.250000 49.500000 -25.087971 -126.000000 49.750000 -30.978848 -126.000000 49.500000 -27.743876
-126.000000 49.500000 -27.743876 -126.000000 49.750000 -30.978848 -125.750000 49.750000 -34.223724
-126.000000 49.500000 -27.743876 -125.750000 49.750000 -34.223724 -125.750000 49.500000 -31.122908
-125.750000 49.500000 -31.122908 -125.750000 49.750000 -34.223724 -125.500000 49.750000 -38.315372
-125.750000 49.500000 -31.122908 -125.500000 49.750000 -38.315372 -125.500000 49.500000 -35.118130
-125.500000 49.500000 -35.118130 -125.500000 49.750000 -38.315372 -125.250000 49.750000 -42.509438
-125.500000 49.500000 -35.118130 -125.250000 49.750000 -42.509438 -125.250000 49.500000 -38.952202
-125.250000 49.500000 -38.952202 -125.250000 49.750000 -42.509438 -125.000000 49.750000 -45.905384
-125.250000 49.500000 -38.952202 -125.000000 49.750000 -45.905384 -125.000000 49.500000 -41.863953
-125.000000 49.500000 -41.863953 -125.000000 49.750000 -45.905384 -124.750000 49.750000 -48.358227
-125.000000 49.500000 -41.863953 -124.750000 49.750000 -48.358227 -124.750000 49.500000 -43.993610
-124.750000 49.500000 -43.993610 -124.750000 49.750000 -48.358227 -124.500000 49.750000 -50.405373
-124.750000 49.500000 -43.993610 -124.500000 49.750000 -50.405373 -124.500000 49.500000 -46.033401
-124.500000 49.500000 -46.033401 -124.500000 49.750000 -50.405373 -124.250000 49.750000 -52.584496
-124.500000 49.500000 -46.033401 -124.250000 49.750000 -52.584496 -124.250000 49.500000 -48.340672
-124.250000 49.500000 -48.340672 -124.250000 49.750000 -52.584496 -124.000000 49.750000 -55.240849
-124.250000 49.500000 -48.340672 -124.000000 49.750000 -55.240849 -124.000000 49.500000 -50.873722
-124.000000 49.500000 -50.873722 -124.000000 49.750000 -55.240849 -123.750000 49.750000 -58.787441
-124.000000 49.500000 -50.873722 -123.750000 49.750000 -58.787441 -123.750000 49.500000 -53.691479
-127.500000 49.750000 -13.040357 -127.500000 50.000000 -16.716572 -127.250000 50.000000 -21.216515
-127.500000 49.750000 -13.040357 -127.250000 50.000000 -21.216515 -127.250000 49.750000 -17.405062
-127.250000 49.750000 -17.405062 -127.250000 50.000000 -21.216515 -127.000000 50.000000 -24.917959
-127.250000 49.750000 -17.405062 -127.000000 50.000000 -24.917959 -127.000000 49.750000 -21.282232
-127.000000 49.750000 -21.282232 -127.000000 50.000000 -24.917959 -126.750000 50.000000 -27.570517
-127.000000 49.750000 -21.282232 -126.750000 50.000000 -27.570517 -126.750000 49.750000 -24.300129
